AH 63-K-127/24
     1.000000    0.000000
     0.998451    0.001038
     0.995727    0.001798
     0.992433    0.002589
     0.988738    0.003520
     0.984566    0.004514
     0.979872    0.005613
     0.974900    0.006765
     0.969834    0.007896
     0.964656    0.009000
     0.959337    0.010086
     0.953883    0.011164
     0.948323    0.012243
     0.942708    0.013327
     0.937087    0.014416
     0.931481    0.015510
     0.925887    0.016613
     0.920297    0.017729
     0.914708    0.018857
     0.909121    0.019997
     0.903537    0.021141
     0.897951    0.022282
     0.892355    0.023414
     0.886747    0.024537
     0.881132    0.025648
     0.875530    0.026746
     0.869968    0.027823
     0.864465    0.028868
     0.859017    0.029875
     0.853598    0.030842
     0.848168    0.031770
     0.842690    0.032674
     0.837150    0.033570
     0.831565    0.034465
     0.825983    0.035367
     0.820465    0.036279
     0.815048    0.037208
     0.809741    0.038164
     0.804531    0.039160
     0.799386    0.040210
     0.794273    0.041320
     0.789163    0.042493
     0.784040    0.043730
     0.778890    0.045034
     0.773712    0.046403
     0.768507    0.047835
     0.763276    0.049324
     0.758025    0.050865
     0.752757    0.052454
     0.747478    0.054082
     0.742193    0.055741
     0.736904    0.057415
     0.731616    0.059092
     0.726332    0.060757
     0.721054    0.062397
     0.715784    0.063999
     0.710527    0.065558
     0.705283    0.067073
     0.700048    0.068541
     0.694816    0.069963
     0.689578    0.071337
     0.684324    0.072666
     0.679045    0.073954
     0.673735    0.075205
     0.668394    0.076421
     0.663024    0.077604
     0.657632    0.078755
     0.652227    0.079872
     0.646815    0.080954
     0.641402    0.081999
     0.635988    0.083007
     0.630571    0.083977
     0.625146    0.084911
     0.619709    0.085810
     0.614254    0.086676
     0.608780    0.087512
     0.603284    0.088320
     0.597770    0.089099
     0.592240    0.089853
     0.586697    0.090580
     0.581144    0.091281
     0.575585    0.091956
     0.570021    0.092605
     0.564452    0.093229
     0.558880    0.093828
     0.553304    0.094402
     0.547724    0.094952
     0.542140    0.095478
     0.536553    0.095979
     0.530963    0.096456
     0.525369    0.096908
     0.519772    0.097337
     0.514172    0.097742
     0.508569    0.098123
     0.502963    0.098481
     0.497354    0.098815
     0.491743    0.099126
     0.486130    0.099413
     0.480515    0.099678
     0.474898    0.099920
     0.469279    0.100138
     0.463659    0.100334
     0.458037    0.100508
     0.452415    0.100658
     0.446793    0.100785
     0.441171    0.100889
     0.435551    0.100970
     0.429933    0.101028
     0.424318    0.101062
     0.418706    0.101072
     0.413099    0.101057
     0.407496    0.101018
     0.401897    0.100952
     0.396302    0.100861
     0.390709    0.100744
     0.385120    0.100600
     0.379534    0.100429
     0.373950    0.100232
     0.368368    0.100007
     0.362788    0.099755
     0.357210    0.099476
     0.351635    0.099169
     0.346061    0.098834
     0.340490    0.098472
     0.334921    0.098083
     0.329354    0.097665
     0.323789    0.097220
     0.318227    0.096747
     0.312666    0.096247
     0.307105    0.095720
     0.301546    0.095165
     0.295986    0.094582
     0.290426    0.093973
     0.284866    0.093337
     0.279308    0.092675
     0.273754    0.091987
     0.268206    0.091273
     0.262664    0.090534
     0.257129    0.089768
     0.251602    0.088975
     0.246082    0.088155
     0.240570    0.087308
     0.235062    0.086433
     0.229559    0.085530
     0.224059    0.084599
     0.218560    0.083640
     0.213062    0.082653
     0.207564    0.081638
     0.202067    0.080596
     0.196572    0.079528
     0.191084    0.078435
     0.185606    0.077316
     0.180139    0.076173
     0.174684    0.075004
     0.169239    0.073808
     0.163802    0.072584
     0.158370    0.071331
     0.152942    0.070050
     0.147521    0.068742
     0.142110    0.067407
     0.136716    0.066046
     0.131340    0.064658
     0.125984    0.063242
     0.120647    0.061796
     0.115327    0.060319
     0.110025    0.058811
     0.104741    0.057271
     0.099481    0.055699
     0.094249    0.054095
     0.089054    0.052459
     0.083906    0.050791
     0.078817    0.049091
     0.073797    0.047357
     0.068851    0.045585
     0.063983    0.043771
     0.059195    0.041909
     0.054491    0.039997
     0.049879    0.038034
     0.045370    0.036020
     0.040979    0.033960
     0.036720    0.031857
     0.032616    0.029719
     0.028710    0.027567
     0.025055    0.025434
     0.021700    0.023353
     0.018662    0.021342
     0.015934    0.019412
     0.013506    0.017570
     0.011385    0.015845
     0.009567    0.014262
     0.008024    0.012824
     0.006712    0.011514
     0.005586    0.010310
     0.004610    0.009188
     0.003753    0.008131
     0.003003    0.007127
     0.002351    0.006174
     0.001793    0.005274
     0.001321    0.004430
     0.000925    0.003641
     0.000601    0.002905
     0.000349    0.002215
     0.000165    0.001559
     0.000048    0.000927
    -0.000001    0.000310
     0.000019   -0.000303
     0.000113   -0.000920
     0.000280   -0.001540
     0.000526   -0.002164
     0.000859   -0.002784
     0.001291   -0.003388
     0.001831   -0.003966
     0.002484   -0.004519
     0.003250   -0.005050
     0.004129   -0.005567
     0.005112   -0.006083
     0.006210   -0.006604
     0.007448   -0.007133
     0.008859   -0.007679
     0.010482   -0.008253
     0.012363   -0.008866
     0.014555   -0.009523
     0.017105   -0.010227
     0.020057   -0.010981
     0.023442   -0.011778
     0.027252   -0.012600
     0.031447   -0.013427
     0.035966   -0.014239
     0.040736   -0.015019
     0.045696   -0.015758
     0.050799   -0.016452
     0.056012   -0.017100
     0.061317   -0.017705
     0.066698   -0.018271
     0.072139   -0.018801
     0.077628   -0.019300
     0.083154   -0.019769
     0.088707   -0.020211
     0.094282   -0.020628
     0.099873   -0.021020
     0.105478   -0.021390
     0.111096   -0.021737
     0.116724   -0.022064
     0.122363   -0.022370
     0.128009   -0.022658
     0.133661   -0.022927
     0.139317   -0.023179
     0.144979   -0.023412
     0.150648   -0.023629
     0.156325   -0.023829
     0.162011   -0.024014
     0.167706   -0.024186
     0.173410   -0.024344
     0.179120   -0.024490
     0.184835   -0.024625
     0.190555   -0.024749
     0.196280   -0.024863
     0.202012   -0.024966
     0.207753   -0.025061
     0.213504   -0.025149
     0.219264   -0.025230
     0.225031   -0.025307
     0.230803   -0.025379
     0.236580   -0.025446
     0.242358   -0.025511
     0.248139   -0.025571
     0.253921   -0.025629
     0.259707   -0.025683
     0.265495   -0.025736
     0.271287   -0.025786
     0.277081   -0.025835
     0.282877   -0.025883
     0.288675   -0.025929
     0.294473   -0.025975
     0.300270   -0.026019
     0.306065   -0.026061
     0.311857   -0.026102
     0.317646   -0.026142
     0.323430   -0.026178
     0.329209   -0.026212
     0.334983   -0.026241
     0.340752   -0.026266
     0.346515   -0.026286
     0.352274   -0.026300
     0.358028   -0.026308
     0.363778   -0.026308
     0.369524   -0.026302
     0.375268   -0.026288
     0.381009   -0.026265
     0.386749   -0.026235
     0.392489   -0.026196
     0.398230   -0.026150
     0.403973   -0.026095
     0.409719   -0.026032
     0.415469   -0.025961
     0.421224   -0.025884
     0.426984   -0.025801
     0.432748   -0.025712
     0.438516   -0.025618
     0.444286   -0.025519
     0.450058   -0.025416
     0.455829   -0.025308
     0.461600   -0.025196
     0.467369   -0.025079
     0.473137   -0.024957
     0.478902   -0.024831
     0.484665   -0.024699
     0.490425   -0.024562
     0.496182   -0.024419
     0.501935   -0.024269
     0.507684   -0.024113
     0.513430   -0.023950
     0.519172   -0.023780
     0.524913   -0.023602
     0.530655   -0.023418
     0.536401   -0.023225
     0.542153   -0.023025
     0.547913   -0.022819
     0.553681   -0.022607
     0.559457   -0.022391
     0.565236   -0.022171
     0.571015   -0.021949
     0.576789   -0.021723
     0.582556   -0.021494
     0.588313   -0.021260
     0.594061   -0.021019
     0.599801   -0.020772
     0.605536   -0.020517
     0.611268   -0.020253
     0.616998   -0.019981
     0.622726   -0.019700
     0.628449   -0.019410
     0.634168   -0.019110
     0.639878   -0.018800
     0.645578   -0.018479
     0.651268   -0.018145
     0.656950   -0.017798
     0.662627   -0.017437
     0.668301   -0.017060
     0.673976   -0.016669
     0.679655   -0.016264
     0.685342   -0.015845
     0.691038   -0.015413
     0.696746   -0.014969
     0.702467   -0.014515
     0.708199   -0.014051
     0.713942   -0.013579
     0.719692   -0.013101
     0.725444   -0.012619
     0.731192   -0.012132
     0.736934   -0.011642
     0.742667   -0.011145
     0.748394   -0.010642
     0.754118   -0.010132
     0.759843   -0.009614
     0.765574   -0.009089
     0.771310   -0.008557
     0.777052   -0.008019
     0.782798   -0.007477
     0.788544   -0.006930
     0.794289   -0.006379
     0.800032   -0.005823
     0.805775   -0.005264
     0.811518   -0.004700
     0.817262   -0.004135
     0.823003   -0.003571
     0.828735   -0.003011
     0.834448   -0.002458
     0.840134   -0.001918
     0.845786   -0.001396
     0.851406   -0.000895
     0.856997   -0.000420
     0.862566    0.000027
     0.868118    0.000445
     0.873659    0.000831
     0.879191    0.001185
     0.884717    0.001505
     0.890239    0.001791
     0.895758    0.002042
     0.901277    0.002257
     0.906798    0.002438
     0.912324    0.002586
     0.917858    0.002700
     0.923405    0.002783
     0.928955    0.002833
     0.934483    0.002852
     0.939955    0.002836
     0.945365    0.002777
     0.950748    0.002665
     0.956158    0.002500
     0.961606    0.002294
     0.967031    0.002059
     0.972351    0.001799
     0.977519    0.001517
     0.982437    0.001247
     0.986924    0.001011
     0.990928    0.000723
     0.994548    0.000389
     0.997890    0.000172
     1.000000    0.000000
