#  1  time step                
#  0  Newton iteration         
#  1  CPU time                 
#  1  overall residual flow    
#  1  Navier-Stokes residual   
#  1  energy residual          
#  1  Spalart-Allmaras residual
#  1  lift coefficient         
#  1  drag coefficient         
#  1  first order heat flux    
#  1  second order heat flux   
#  1  mass inflow , kg/s       
#  1  mass outflow, kg/s       
#  1  mass deficit, kg/s       
#  1  H inflow, kJ/s           
#  1  H outflow kJ/s           
#  1  H deficit kJ/s           
          1          1 0.2980E+01 0.2974E-02 0.2412E-03 0.2965E-02 0.1643E-04 -.4632E-01 0.6345E+00 0.0000E+00 0.0000E+00 -.4489E+02 0.4845E+02 0.3564E+01 -.1304E+05 0.1320E+05 0.1595E+03
          2          2 0.5658E+01 0.2856E-02 0.1976E-03 0.2849E-02 0.2782E-04 -.2325E-01 0.9225E+00 -.4034E+01 0.2890E+03 -.4479E+02 0.4636E+02 0.1571E+01 -.1301E+05 0.1263E+05 -.3819E+03
          3          3 0.8342E+01 0.2700E-02 0.1628E-03 0.2695E-02 0.1445E-04 -.2707E-01 0.1054E+01 -.7587E+01 0.1872E+03 -.4472E+02 0.4471E+02 -.8935E-02 -.1299E+05 0.1218E+05 -.8102E+03
          4          4 0.1121E+02 0.2533E-02 0.1397E-03 0.2529E-02 0.1109E-04 -.3561E-01 0.1063E+01 -.1133E+02 0.1265E+03 -.4467E+02 0.4374E+02 -.9259E+00 -.1298E+05 0.1192E+05 -.1058E+04
          5          5 0.1393E+02 0.2372E-02 0.1236E-03 0.2369E-02 0.9113E-05 -.5035E-01 0.1020E+01 -.1366E+02 0.8704E+02 -.4464E+02 0.4332E+02 -.1326E+01 -.1297E+05 0.1180E+05 -.1166E+04
          6          6 0.1663E+02 0.2229E-02 0.1107E-03 0.2226E-02 0.7698E-05 -.6549E-01 0.9630E+00 -.1442E+02 0.6044E+02 -.4464E+02 0.4320E+02 -.1438E+01 -.1297E+05 0.1177E+05 -.1196E+04
          7          7 0.1932E+02 0.2104E-02 0.9984E-04 0.2102E-02 0.6588E-05 -.7212E-01 0.9097E+00 -.1412E+02 0.4273E+02 -.4466E+02 0.4323E+02 -.1428E+01 -.1297E+05 0.1178E+05 -.1193E+04
          8          8 0.2211E+02 0.1999E-02 0.9109E-04 0.1997E-02 0.5680E-05 -.7373E-01 0.8610E+00 -.1320E+02 0.3089E+02 -.4469E+02 0.4330E+02 -.1384E+01 -.1298E+05 0.1180E+05 -.1181E+04
          9          9 0.2481E+02 0.1909E-02 0.8401E-04 0.1907E-02 0.4972E-05 -.7210E-01 0.8125E+00 -.1197E+02 0.2286E+02 -.4472E+02 0.4338E+02 -.1339E+01 -.1299E+05 0.1182E+05 -.1169E+04
         10         10 0.2751E+02 0.1830E-02 0.7809E-04 0.1829E-02 0.4494E-05 -.6809E-01 0.7610E+00 -.1067E+02 0.1735E+02 -.4474E+02 0.4344E+02 -.1305E+01 -.1300E+05 0.1184E+05 -.1160E+04
