#  1  time step                
#  0  Newton iteration         
#  1  CPU time                 
#  1  overall residual drop    
#  1  total beta drop          
#  1  change in total beta drop
#  1  alpha residual drop      
#  1  momentum residual drop   
#  1  drop diameter residual   
#  1  droplet mass deficit %   
          1          1 0.2760E+00 0.5829E-07 0.3135E-02 0.7708E-06 0.1819E-06 0.4860E-07 0.3352E-30 0.1249E-01
          2          2 0.5113E+00 0.1280E-07 0.3126E-02 0.2257E-05 0.4338E-07 0.9074E-08 0.1042E-30 0.1342E-01
          3          3 0.7446E+00 0.7057E-08 0.3115E-02 0.4140E-05 0.2573E-07 0.3869E-08 0.9610E-31 0.1326E-01
          4          4 0.9861E+00 0.5744E-08 0.3102E-02 0.6258E-05 0.2178E-07 0.2445E-08 0.9244E-31 0.1270E-01
          5          5 0.1263E+01 0.5177E-08 0.3088E-02 0.8521E-05 0.1990E-07 0.1911E-08 0.8598E-31 0.1198E-01
          6          6 0.1496E+01 0.4839E-08 0.3074E-02 0.1083E-04 0.1866E-07 0.1717E-08 0.8291E-31 0.1120E-01
          7          7 0.1919E+01 0.4595E-08 0.3061E-02 0.1228E-04 0.1773E-07 0.1613E-08 0.8169E-31 0.1042E-01
          8          8 0.2199E+01 0.4404E-08 0.3049E-02 0.1283E-04 0.1700E-07 0.1544E-08 0.8303E-31 0.9683E-02
          9          9 0.2473E+01 0.4257E-08 0.3038E-02 0.1271E-04 0.1643E-07 0.1494E-08 0.8083E-31 0.9011E-02
         10         10 0.2824E+01 0.4147E-08 0.3030E-02 0.1205E-04 0.1600E-07 0.1461E-08 0.7909E-31 0.8403E-02
         11         11 0.3064E+01 0.4068E-08 0.3023E-02 0.1095E-04 0.1569E-07 0.1442E-08 0.7600E-31 0.7919E-02
         12         12 0.3339E+01 0.4013E-08 0.3017E-02 0.9532E-05 0.1547E-07 0.1431E-08 0.7760E-31 0.7519E-02
         13         13 0.3577E+01 0.3975E-08 0.3013E-02 0.7959E-05 0.1532E-07 0.1423E-08 0.7648E-31 0.7200E-02
         14         14 0.3818E+01 0.3950E-08 0.3011E-02 0.6402E-05 0.1522E-07 0.1417E-08 0.7736E-31 0.6959E-02
         15         15 0.4076E+01 0.3934E-08 0.3008E-02 0.4982E-05 0.1516E-07 0.1411E-08 0.7598E-31 0.6770E-02
         16         16 0.4457E+01 0.3925E-08 0.3007E-02 0.3766E-05 0.1512E-07 0.1407E-08 0.7628E-31 0.6632E-02
         17         17 0.4689E+01 0.3918E-08 0.3006E-02 0.2774E-05 0.1510E-07 0.1403E-08 0.7678E-31 0.6540E-02
         18         18 0.4926E+01 0.3913E-08 0.3005E-02 0.1989E-05 0.1508E-07 0.1400E-08 0.7573E-31 0.6491E-02
         19         19 0.5182E+01 0.3909E-08 0.3005E-02 0.1392E-05 0.1506E-07 0.1397E-08 0.7544E-31 0.6480E-02
         20         20 0.5459E+01 0.3905E-08 0.3005E-02 0.9321E-06 0.1505E-07 0.1395E-08 0.7423E-31 0.6501E-02
         21         21 0.5690E+01 0.3900E-08 0.3005E-02 0.5757E-06 0.1503E-07 0.1393E-08 0.7315E-31 0.6547E-02
         22         22 0.5939E+01 0.3895E-08 0.3005E-02 0.2974E-06 0.1501E-07 0.1391E-08 0.7365E-31 0.6613E-02
         23         23 0.6175E+01 0.3889E-08 0.3006E-02 0.8157E-07 0.1499E-07 0.1388E-08 0.7476E-31 0.6693E-02
         24         24 0.6413E+01 0.3883E-08 0.3006E-02 0.8792E-07 0.1496E-07 0.1384E-08 0.7546E-31 0.6781E-02
         25         25 0.6648E+01 0.3877E-08 0.3006E-02 0.2129E-06 0.1494E-07 0.1382E-08 0.7587E-31 0.6873E-02
         26         26 0.6913E+01 0.3871E-08 0.3007E-02 0.2997E-06 0.1492E-07 0.1382E-08 0.7489E-31 0.6964E-02
         27         27 0.7177E+01 0.3865E-08 0.3007E-02 0.3553E-06 0.1489E-07 0.1382E-08 0.7435E-31 0.7049E-02
         28         28 0.7424E+01 0.3859E-08 0.3008E-02 0.3864E-06 0.1487E-07 0.1383E-08 0.7457E-31 0.7128E-02
         29         29 0.7737E+01 0.3855E-08 0.3008E-02 0.3991E-06 0.1485E-07 0.1384E-08 0.7572E-31 0.7198E-02
         30         30 0.7973E+01 0.3851E-08 0.3008E-02 0.3923E-06 0.1483E-07 0.1385E-08 0.7404E-31 0.7257E-02
         31         31 0.8214E+01 0.3849E-08 0.3009E-02 0.3759E-06 0.1482E-07 0.1387E-08 0.7499E-31 0.7305E-02
         32         32 0.8446E+01 0.3848E-08 0.3009E-02 0.3544E-06 0.1482E-07 0.1389E-08 0.7535E-31 0.7341E-02
         33         33 0.8683E+01 0.3848E-08 0.3009E-02 0.3302E-06 0.1481E-07 0.1391E-08 0.7592E-31 0.7367E-02
         34         34 0.8920E+01 0.3848E-08 0.3009E-02 0.3052E-06 0.1482E-07 0.1393E-08 0.7529E-31 0.7381E-02
         35         35 0.9159E+01 0.3850E-08 0.3010E-02 0.2802E-06 0.1482E-07 0.1394E-08 0.7410E-31 0.7385E-02
         36         36 0.9396E+01 0.3852E-08 0.3010E-02 0.2562E-06 0.1483E-07 0.1396E-08 0.7517E-31 0.7381E-02
         37         37 0.9663E+01 0.3854E-08 0.3010E-02 0.2335E-06 0.1484E-07 0.1398E-08 0.7438E-31 0.7369E-02
         38         38 0.9901E+01 0.3857E-08 0.3010E-02 0.2124E-06 0.1485E-07 0.1399E-08 0.7325E-31 0.7350E-02
         39         39 0.1017E+02 0.3860E-08 0.3010E-02 0.1931E-06 0.1486E-07 0.1401E-08 0.7394E-31 0.7327E-02
         40         40 0.1042E+02 0.3864E-08 0.3010E-02 0.1756E-06 0.1487E-07 0.1402E-08 0.7587E-31 0.7300E-02
         41         41 0.1065E+02 0.3867E-08 0.3011E-02 0.1598E-06 0.1488E-07 0.1403E-08 0.7413E-31 0.7271E-02
         42         42 0.1089E+02 0.3869E-08 0.3011E-02 0.1457E-06 0.1489E-07 0.1404E-08 0.7426E-31 0.7242E-02
         43         43 0.1113E+02 0.3871E-08 0.3011E-02 0.1332E-06 0.1490E-07 0.1404E-08 0.7503E-31 0.7213E-02
         44         44 0.1136E+02 0.3872E-08 0.3011E-02 0.1220E-06 0.1490E-07 0.1404E-08 0.7450E-31 0.7187E-02
         45         45 0.1160E+02 0.3873E-08 0.3011E-02 0.1122E-06 0.1491E-07 0.1404E-08 0.7534E-31 0.7163E-02
         46         46 0.1190E+02 0.3874E-08 0.3011E-02 0.1034E-06 0.1491E-07 0.1404E-08 0.7365E-31 0.7143E-02
         47         47 0.1215E+02 0.3874E-08 0.3011E-02 0.9564E-07 0.1491E-07 0.1403E-08 0.7341E-31 0.7126E-02
         48         48 0.1239E+02 0.3874E-08 0.3011E-02 0.8868E-07 0.1491E-07 0.1403E-08 0.7356E-31 0.7115E-02
         49         49 0.1263E+02 0.3874E-08 0.3011E-02 0.8243E-07 0.1491E-07 0.1402E-08 0.7488E-31 0.7108E-02
         50         50 0.1287E+02 0.3873E-08 0.3011E-02 0.7679E-07 0.1491E-07 0.1402E-08 0.7437E-31 0.7106E-02
         51         51 0.1310E+02 0.3872E-08 0.3011E-02 0.7165E-07 0.1491E-07 0.1401E-08 0.7510E-31 0.7109E-02
         52         52 0.1335E+02 0.3871E-08 0.3011E-02 0.6694E-07 0.1490E-07 0.1400E-08 0.7385E-31 0.7117E-02
         53         53 0.1359E+02 0.3870E-08 0.3011E-02 0.6259E-07 0.1490E-07 0.1400E-08 0.7399E-31 0.7130E-02
         54         54 0.1388E+02 0.3869E-08 0.3012E-02 0.5856E-07 0.1490E-07 0.1400E-08 0.7236E-31 0.7147E-02
         55         55 0.1412E+02 0.3868E-08 0.3012E-02 0.5480E-07 0.1489E-07 0.1400E-08 0.7282E-31 0.7168E-02
         56         56 0.1436E+02 0.3867E-08 0.3012E-02 0.5129E-07 0.1489E-07 0.1399E-08 0.7350E-31 0.7193E-02
         57         57 0.1461E+02 0.3866E-08 0.3012E-02 0.4800E-07 0.1488E-07 0.1399E-08 0.7449E-31 0.7221E-02
         58         58 0.1485E+02 0.3864E-08 0.3012E-02 0.4490E-07 0.1488E-07 0.1398E-08 0.7293E-31 0.7251E-02
         59         59 0.1509E+02 0.3863E-08 0.3012E-02 0.4198E-07 0.1487E-07 0.1398E-08 0.7360E-31 0.7283E-02
         60         60 0.1532E+02 0.3862E-08 0.3012E-02 0.3923E-07 0.1487E-07 0.1397E-08 0.7376E-31 0.7316E-02
         61         61 0.1556E+02 0.3860E-08 0.3012E-02 0.3663E-07 0.1486E-07 0.1396E-08 0.7260E-31 0.7351E-02
         62         62 0.1583E+02 0.3859E-08 0.3012E-02 0.3417E-07 0.1486E-07 0.1396E-08 0.7208E-31 0.7386E-02
         63         63 0.1615E+02 0.3858E-08 0.3012E-02 0.3185E-07 0.1485E-07 0.1395E-08 0.7290E-31 0.7421E-02
         64         64 0.1640E+02 0.3856E-08 0.3012E-02 0.2966E-07 0.1485E-07 0.1394E-08 0.7262E-31 0.7456E-02
         65         65 0.1664E+02 0.3855E-08 0.3012E-02 0.2759E-07 0.1484E-07 0.1394E-08 0.7441E-31 0.7491E-02
         66         66 0.1688E+02 0.3854E-08 0.3012E-02 0.2564E-07 0.1484E-07 0.1393E-08 0.7342E-31 0.7525E-02
         67         67 0.1712E+02 0.3853E-08 0.3012E-02 0.2380E-07 0.1483E-07 0.1393E-08 0.7395E-31 0.7558E-02
         68         68 0.1735E+02 0.3852E-08 0.3012E-02 0.2206E-07 0.1483E-07 0.1392E-08 0.7417E-31 0.7589E-02
         69         69 0.1759E+02 0.3851E-08 0.3012E-02 0.2043E-07 0.1483E-07 0.1392E-08 0.7405E-31 0.7618E-02
         70         70 0.1783E+02 0.3850E-08 0.3012E-02 0.1889E-07 0.1482E-07 0.1391E-08 0.7193E-31 0.7646E-02
         71         71 0.1806E+02 0.3849E-08 0.3012E-02 0.1744E-07 0.1482E-07 0.1391E-08 0.7280E-31 0.7672E-02
         72         72 0.1831E+02 0.3848E-08 0.3012E-02 0.1609E-07 0.1482E-07 0.1391E-08 0.7284E-31 0.7697E-02
         73         73 0.1856E+02 0.3847E-08 0.3012E-02 0.1481E-07 0.1481E-07 0.1390E-08 0.7306E-31 0.7719E-02
         74         74 0.1880E+02 0.3847E-08 0.3012E-02 0.1361E-07 0.1481E-07 0.1390E-08 0.7213E-31 0.7739E-02
         75         75 0.1904E+02 0.3846E-08 0.3012E-02 0.1249E-07 0.1481E-07 0.1390E-08 0.7319E-31 0.7758E-02
         76         76 0.1928E+02 0.3845E-08 0.3012E-02 0.1143E-07 0.1481E-07 0.1389E-08 0.7207E-31 0.7774E-02
         77         77 0.1960E+02 0.3845E-08 0.3012E-02 0.1045E-07 0.1480E-07 0.1389E-08 0.7215E-31 0.7789E-02
         78         78 0.1985E+02 0.3844E-08 0.3012E-02 0.9528E-08 0.1480E-07 0.1389E-08 0.7224E-31 0.7802E-02
         79         79 0.2014E+02 0.3844E-08 0.3012E-02 0.8667E-08 0.1480E-07 0.1389E-08 0.7213E-31 0.7814E-02
         80         80 0.2042E+02 0.3843E-08 0.3012E-02 0.7863E-08 0.1480E-07 0.1389E-08 0.7207E-31 0.7824E-02
         81         81 0.2068E+02 0.3843E-08 0.3012E-02 0.7114E-08 0.1480E-07 0.1388E-08 0.7307E-31 0.7833E-02
         82         82 0.2091E+02 0.3842E-08 0.3012E-02 0.6416E-08 0.1479E-07 0.1388E-08 0.7152E-31 0.7841E-02
         83         83 0.2114E+02 0.3842E-08 0.3012E-02 0.5767E-08 0.1479E-07 0.1388E-08 0.7297E-31 0.7847E-02
         84         84 0.2138E+02 0.3842E-08 0.3012E-02 0.5164E-08 0.1479E-07 0.1388E-08 0.7214E-31 0.7853E-02
         85         85 0.2162E+02 0.3841E-08 0.3012E-02 0.4605E-08 0.1479E-07 0.1388E-08 0.7246E-31 0.7857E-02
         86         86 0.2186E+02 0.3841E-08 0.3012E-02 0.4087E-08 0.1479E-07 0.1388E-08 0.7170E-31 0.7861E-02
         87         87 0.2213E+02 0.3841E-08 0.3012E-02 0.3610E-08 0.1479E-07 0.1388E-08 0.7227E-31 0.7864E-02
         88         88 0.2241E+02 0.3840E-08 0.3012E-02 0.3169E-08 0.1479E-07 0.1388E-08 0.7148E-31 0.7867E-02
         89         89 0.2264E+02 0.3840E-08 0.3012E-02 0.2764E-08 0.1479E-07 0.1387E-08 0.7312E-31 0.7869E-02
         90         90 0.2289E+02 0.3840E-08 0.3012E-02 0.2392E-08 0.1478E-07 0.1387E-08 0.7199E-31 0.7870E-02
         91         91 0.2312E+02 0.3839E-08 0.3012E-02 0.2052E-08 0.1478E-07 0.1387E-08 0.7335E-31 0.7871E-02
         92         92 0.2335E+02 0.3839E-08 0.3012E-02 0.1742E-08 0.1478E-07 0.1387E-08 0.7220E-31 0.7872E-02
         93         93 0.2359E+02 0.3839E-08 0.3012E-02 0.1460E-08 0.1478E-07 0.1387E-08 0.7296E-31 0.7872E-02
         94         94 0.2384E+02 0.3839E-08 0.3012E-02 0.1205E-08 0.1478E-07 0.1387E-08 0.7145E-31 0.7872E-02
         95         95 0.2407E+02 0.3839E-08 0.3012E-02 0.9745E-09 0.1478E-07 0.1387E-08 0.7184E-31 0.7872E-02
         96         96 0.2432E+02 0.3839E-08 0.3012E-02 0.7676E-09 0.1478E-07 0.1387E-08 0.7126E-31 0.7872E-02
         97         97 0.2459E+02 0.3838E-08 0.3012E-02 0.5825E-09 0.1478E-07 0.1387E-08 0.7319E-31 0.7872E-02
         98         98 0.2486E+02 0.3838E-08 0.3012E-02 0.4178E-09 0.1478E-07 0.1387E-08 0.7175E-31 0.7871E-02
         99         99 0.2509E+02 0.3838E-08 0.3012E-02 0.2719E-09 0.1478E-07 0.1387E-08 0.7343E-31 0.7871E-02
        100        100 0.2534E+02 0.3838E-08 0.3012E-02 0.1435E-09 0.1478E-07 0.1387E-08 0.7218E-31 0.7870E-02
        101        101 0.2557E+02 0.3838E-08 0.3012E-02 0.3116E-10 0.1478E-07 0.1387E-08 0.7267E-31 0.7870E-02
        102        102 0.2582E+02 0.3838E-08 0.3012E-02 0.6634E-10 0.1478E-07 0.1387E-08 0.7197E-31 0.7869E-02
        103        103 0.2605E+02 0.3838E-08 0.3012E-02 0.1502E-09 0.1478E-07 0.1387E-08 0.7255E-31 0.7868E-02
        104        104 0.2629E+02 0.3838E-08 0.3012E-02 0.2219E-09 0.1478E-07 0.1387E-08 0.7200E-31 0.7868E-02
        105        105 0.2652E+02 0.3838E-08 0.3012E-02 0.2822E-09 0.1478E-07 0.1387E-08 0.7314E-31 0.7867E-02
        106        106 0.2682E+02 0.3837E-08 0.3012E-02 0.3325E-09 0.1478E-07 0.1387E-08 0.7185E-31 0.7866E-02
        107        107 0.2705E+02 0.3837E-08 0.3012E-02 0.3737E-09 0.1478E-07 0.1387E-08 0.7277E-31 0.7865E-02
        108        108 0.2729E+02 0.3837E-08 0.3012E-02 0.4068E-09 0.1477E-07 0.1387E-08 0.7212E-31 0.7865E-02
        109        109 0.2752E+02 0.3837E-08 0.3012E-02 0.4326E-09 0.1477E-07 0.1386E-08 0.7207E-31 0.7864E-02
        110        110 0.2776E+02 0.3837E-08 0.3012E-02 0.4521E-09 0.1477E-07 0.1386E-08 0.7107E-31 0.7863E-02
        111        111 0.2799E+02 0.3837E-08 0.3012E-02 0.4658E-09 0.1477E-07 0.1386E-08 0.7179E-31 0.7863E-02
        112        112 0.2823E+02 0.3837E-08 0.3012E-02 0.4747E-09 0.1477E-07 0.1386E-08 0.7108E-31 0.7862E-02
        113        113 0.2847E+02 0.3837E-08 0.3012E-02 0.4793E-09 0.1477E-07 0.1386E-08 0.7286E-31 0.7861E-02
        114        114 0.2871E+02 0.3837E-08 0.3012E-02 0.4802E-09 0.1477E-07 0.1386E-08 0.7228E-31 0.7861E-02
        115        115 0.2900E+02 0.3837E-08 0.3012E-02 0.4780E-09 0.1477E-07 0.1386E-08 0.7361E-31 0.7860E-02
        116        116 0.2923E+02 0.3837E-08 0.3012E-02 0.4731E-09 0.1477E-07 0.1386E-08 0.7289E-31 0.7859E-02
        117        117 0.2947E+02 0.3837E-08 0.3012E-02 0.4660E-09 0.1477E-07 0.1386E-08 0.7291E-31 0.7859E-02
        118        118 0.2978E+02 0.3837E-08 0.3012E-02 0.4570E-09 0.1477E-07 0.1386E-08 0.7236E-31 0.7858E-02
        119        119 0.3002E+02 0.3837E-08 0.3012E-02 0.4466E-09 0.1477E-07 0.1386E-08 0.7311E-31 0.7858E-02
        120        120 0.3026E+02 0.3837E-08 0.3012E-02 0.4350E-09 0.1477E-07 0.1386E-08 0.7232E-31 0.7857E-02
