#  1  time step                
#  0  Newton iteration         
#  1  CPU time                 
#  1  overall residual drop    
#  1  total beta drop          
#  1  change in total beta drop
#  1  alpha residual drop      
#  1  momentum residual drop   
#  1  drop diameter residual   
#  1  droplet mass deficit %   
          1          1 0.2466E+00 0.6575E-07 0.3032E-02 0.6797E-06 0.2106E-06 0.5253E-07 0.3635E-30 0.1053E-01
          2          2 0.4642E+00 0.1786E-07 0.3026E-02 0.1714E-05 0.6193E-07 0.1186E-07 0.1168E-30 0.1134E-01
          3          3 0.6725E+00 0.1078E-07 0.3019E-02 0.2869E-05 0.4039E-07 0.5045E-08 0.9978E-31 0.1104E-01
          4          4 0.8779E+00 0.8183E-08 0.3011E-02 0.4174E-05 0.3147E-07 0.2998E-08 0.9323E-31 0.1042E-01
          5          5 0.1180E+01 0.6641E-08 0.3002E-02 0.5652E-05 0.2565E-07 0.2309E-08 0.9107E-31 0.9679E-02
          6          6 0.1400E+01 0.5628E-08 0.2993E-02 0.7255E-05 0.2167E-07 0.2031E-08 0.9008E-31 0.8935E-02
          7          7 0.1629E+01 0.4912E-08 0.2983E-02 0.8200E-05 0.1881E-07 0.1892E-08 0.8703E-31 0.8233E-02
          8          8 0.1863E+01 0.4412E-08 0.2974E-02 0.8691E-05 0.1680E-07 0.1805E-08 0.8516E-31 0.7622E-02
          9          9 0.2181E+01 0.4078E-08 0.2966E-02 0.8867E-05 0.1545E-07 0.1746E-08 0.8356E-31 0.7129E-02
         10         10 0.2386E+01 0.3866E-08 0.2959E-02 0.8649E-05 0.1459E-07 0.1705E-08 0.8346E-31 0.6772E-02
         11         11 0.2600E+01 0.3738E-08 0.2954E-02 0.8000E-05 0.1408E-07 0.1677E-08 0.8144E-31 0.6551E-02
         12         12 0.2805E+01 0.3664E-08 0.2951E-02 0.6988E-05 0.1378E-07 0.1660E-08 0.8349E-31 0.6460E-02
         13         13 0.3008E+01 0.3624E-08 0.2949E-02 0.5753E-05 0.1363E-07 0.1651E-08 0.8082E-31 0.6485E-02
         14         14 0.3215E+01 0.3604E-08 0.2947E-02 0.4470E-05 0.1354E-07 0.1648E-08 0.8169E-31 0.6609E-02
         15         15 0.3420E+01 0.3593E-08 0.2946E-02 0.3254E-05 0.1349E-07 0.1648E-08 0.7873E-31 0.6819E-02
         16         16 0.3632E+01 0.3586E-08 0.2946E-02 0.2211E-05 0.1346E-07 0.1649E-08 0.8119E-31 0.7106E-02
         17         17 0.3840E+01 0.3582E-08 0.2946E-02 0.1383E-05 0.1344E-07 0.1651E-08 0.7748E-31 0.7449E-02
         18         18 0.4047E+01 0.3578E-08 0.2946E-02 0.7538E-06 0.1343E-07 0.1652E-08 0.7932E-31 0.7841E-02
         19         19 0.4302E+01 0.3574E-08 0.2947E-02 0.3030E-06 0.1341E-07 0.1652E-08 0.7727E-31 0.8270E-02
         20         20 0.4508E+01 0.3572E-08 0.2947E-02 0.8154E-08 0.1340E-07 0.1652E-08 0.8234E-31 0.8720E-02
         21         21 0.4735E+01 0.3571E-08 0.2948E-02 0.1971E-06 0.1340E-07 0.1651E-08 0.7897E-31 0.9181E-02
         22         22 0.4944E+01 0.3571E-08 0.2948E-02 0.3150E-06 0.1340E-07 0.1650E-08 0.8164E-31 0.9640E-02
         23         23 0.5154E+01 0.3572E-08 0.2948E-02 0.3866E-06 0.1341E-07 0.1649E-08 0.7785E-31 0.1009E-01
         24         24 0.5360E+01 0.3576E-08 0.2949E-02 0.4161E-06 0.1342E-07 0.1650E-08 0.7955E-31 0.1051E-01
         25         25 0.5567E+01 0.3580E-08 0.2949E-02 0.4189E-06 0.1344E-07 0.1650E-08 0.7574E-31 0.1092E-01
         26         26 0.5770E+01 0.3586E-08 0.2950E-02 0.4078E-06 0.1346E-07 0.1651E-08 0.7810E-31 0.1129E-01
         27         27 0.5989E+01 0.3593E-08 0.2950E-02 0.3873E-06 0.1349E-07 0.1653E-08 0.7397E-31 0.1162E-01
         28         28 0.6198E+01 0.3601E-08 0.2950E-02 0.3620E-06 0.1352E-07 0.1655E-08 0.7861E-31 0.1192E-01
         29         29 0.6420E+01 0.3611E-08 0.2950E-02 0.3347E-06 0.1356E-07 0.1658E-08 0.7741E-31 0.1219E-01
         30         30 0.6627E+01 0.3620E-08 0.2951E-02 0.3063E-06 0.1360E-07 0.1661E-08 0.7936E-31 0.1242E-01
         31         31 0.6838E+01 0.3630E-08 0.2951E-02 0.2783E-06 0.1363E-07 0.1664E-08 0.7523E-31 0.1262E-01
         32         32 0.7047E+01 0.3639E-08 0.2951E-02 0.2520E-06 0.1367E-07 0.1668E-08 0.7733E-31 0.1278E-01
         33         33 0.7252E+01 0.3648E-08 0.2951E-02 0.2277E-06 0.1370E-07 0.1671E-08 0.7559E-31 0.1292E-01
         34         34 0.7469E+01 0.3657E-08 0.2951E-02 0.2054E-06 0.1374E-07 0.1674E-08 0.7729E-31 0.1303E-01
         35         35 0.7674E+01 0.3664E-08 0.2952E-02 0.1849E-06 0.1377E-07 0.1676E-08 0.7467E-31 0.1312E-01
         36         36 0.7888E+01 0.3672E-08 0.2952E-02 0.1661E-06 0.1380E-07 0.1679E-08 0.7672E-31 0.1319E-01
         37         37 0.8097E+01 0.3678E-08 0.2952E-02 0.1489E-06 0.1382E-07 0.1681E-08 0.7490E-31 0.1324E-01
         38         38 0.8306E+01 0.3683E-08 0.2952E-02 0.1331E-06 0.1384E-07 0.1683E-08 0.7556E-31 0.1328E-01
         39         39 0.8526E+01 0.3688E-08 0.2952E-02 0.1186E-06 0.1386E-07 0.1685E-08 0.7485E-31 0.1330E-01
         40         40 0.8741E+01 0.3691E-08 0.2952E-02 0.1053E-06 0.1387E-07 0.1686E-08 0.7698E-31 0.1331E-01
         41         41 0.8948E+01 0.3694E-08 0.2952E-02 0.9324E-07 0.1388E-07 0.1687E-08 0.7494E-31 0.1332E-01
         42         42 0.9157E+01 0.3696E-08 0.2952E-02 0.8226E-07 0.1389E-07 0.1688E-08 0.7579E-31 0.1332E-01
         43         43 0.9362E+01 0.3697E-08 0.2952E-02 0.7238E-07 0.1389E-07 0.1688E-08 0.7511E-31 0.1332E-01
         44         44 0.9604E+01 0.3697E-08 0.2952E-02 0.6348E-07 0.1390E-07 0.1689E-08 0.7567E-31 0.1332E-01
         45         45 0.9812E+01 0.3697E-08 0.2952E-02 0.5549E-07 0.1390E-07 0.1689E-08 0.7471E-31 0.1331E-01
         46         46 0.1002E+02 0.3697E-08 0.2952E-02 0.4831E-07 0.1389E-07 0.1688E-08 0.7594E-31 0.1331E-01
         47         47 0.1023E+02 0.3696E-08 0.2952E-02 0.4183E-07 0.1389E-07 0.1688E-08 0.7335E-31 0.1330E-01
         48         48 0.1044E+02 0.3694E-08 0.2952E-02 0.3597E-07 0.1388E-07 0.1687E-08 0.7420E-31 0.1330E-01
         49         49 0.1067E+02 0.3693E-08 0.2952E-02 0.3066E-07 0.1388E-07 0.1687E-08 0.7314E-31 0.1330E-01
         50         50 0.1089E+02 0.3691E-08 0.2952E-02 0.2588E-07 0.1387E-07 0.1686E-08 0.7516E-31 0.1330E-01
         51         51 0.1110E+02 0.3689E-08 0.2952E-02 0.2158E-07 0.1386E-07 0.1685E-08 0.7351E-31 0.1331E-01
         52         52 0.1130E+02 0.3687E-08 0.2952E-02 0.1774E-07 0.1385E-07 0.1684E-08 0.7423E-31 0.1332E-01
         53         53 0.1152E+02 0.3685E-08 0.2952E-02 0.1432E-07 0.1385E-07 0.1684E-08 0.7213E-31 0.1333E-01
         54         54 0.1173E+02 0.3682E-08 0.2952E-02 0.1130E-07 0.1384E-07 0.1683E-08 0.7357E-31 0.1334E-01
         55         55 0.1193E+02 0.3680E-08 0.2952E-02 0.8624E-08 0.1383E-07 0.1682E-08 0.7161E-31 0.1335E-01
         56         56 0.1214E+02 0.3678E-08 0.2952E-02 0.6284E-08 0.1382E-07 0.1681E-08 0.7391E-31 0.1337E-01
         57         57 0.1235E+02 0.3676E-08 0.2952E-02 0.4253E-08 0.1381E-07 0.1680E-08 0.7270E-31 0.1339E-01
         58         58 0.1255E+02 0.3674E-08 0.2952E-02 0.2510E-08 0.1380E-07 0.1679E-08 0.7419E-31 0.1341E-01
         59         59 0.1279E+02 0.3672E-08 0.2952E-02 0.1013E-08 0.1380E-07 0.1679E-08 0.7224E-31 0.1343E-01
         60         60 0.1300E+02 0.3670E-08 0.2952E-02 0.2537E-09 0.1379E-07 0.1678E-08 0.7396E-31 0.1346E-01
         61         61 0.1321E+02 0.3668E-08 0.2952E-02 0.1315E-08 0.1378E-07 0.1677E-08 0.7217E-31 0.1348E-01
         62         62 0.1342E+02 0.3666E-08 0.2952E-02 0.2195E-08 0.1378E-07 0.1677E-08 0.7457E-31 0.1350E-01
         63         63 0.1371E+02 0.3665E-08 0.2952E-02 0.2915E-08 0.1377E-07 0.1676E-08 0.7233E-31 0.1353E-01
         64         64 0.1394E+02 0.3663E-08 0.2952E-02 0.3500E-08 0.1376E-07 0.1675E-08 0.7388E-31 0.1355E-01
         65         65 0.1416E+02 0.3662E-08 0.2952E-02 0.3954E-08 0.1376E-07 0.1675E-08 0.7211E-31 0.1357E-01
         66         66 0.1439E+02 0.3661E-08 0.2952E-02 0.4300E-08 0.1375E-07 0.1674E-08 0.7388E-31 0.1359E-01
         67         67 0.1461E+02 0.3660E-08 0.2952E-02 0.4553E-08 0.1375E-07 0.1674E-08 0.7246E-31 0.1361E-01
         68         68 0.1485E+02 0.3659E-08 0.2952E-02 0.4729E-08 0.1375E-07 0.1673E-08 0.7429E-31 0.1363E-01
         69         69 0.1506E+02 0.3658E-08 0.2952E-02 0.4841E-08 0.1374E-07 0.1673E-08 0.7255E-31 0.1365E-01
         70         70 0.1527E+02 0.3657E-08 0.2952E-02 0.4901E-08 0.1374E-07 0.1673E-08 0.7405E-31 0.1367E-01
         71         71 0.1550E+02 0.3656E-08 0.2952E-02 0.4919E-08 0.1374E-07 0.1672E-08 0.7263E-31 0.1368E-01
         72         72 0.1570E+02 0.3655E-08 0.2952E-02 0.4899E-08 0.1373E-07 0.1672E-08 0.7401E-31 0.1370E-01
         73         73 0.1591E+02 0.3654E-08 0.2952E-02 0.4854E-08 0.1373E-07 0.1672E-08 0.7237E-31 0.1371E-01
         74         74 0.1612E+02 0.3654E-08 0.2952E-02 0.4784E-08 0.1373E-07 0.1671E-08 0.7354E-31 0.1372E-01
         75         75 0.1633E+02 0.3653E-08 0.2952E-02 0.4693E-08 0.1373E-07 0.1671E-08 0.7281E-31 0.1373E-01
         76         76 0.1653E+02 0.3653E-08 0.2952E-02 0.4585E-08 0.1372E-07 0.1671E-08 0.7369E-31 0.1374E-01
         77         77 0.1674E+02 0.3652E-08 0.2952E-02 0.4462E-08 0.1372E-07 0.1671E-08 0.7216E-31 0.1375E-01
         78         78 0.1698E+02 0.3652E-08 0.2952E-02 0.4330E-08 0.1372E-07 0.1670E-08 0.7406E-31 0.1376E-01
         79         79 0.1721E+02 0.3651E-08 0.2952E-02 0.4186E-08 0.1372E-07 0.1670E-08 0.7224E-31 0.1377E-01
         80         80 0.1741E+02 0.3651E-08 0.2952E-02 0.4034E-08 0.1372E-07 0.1670E-08 0.7395E-31 0.1377E-01
         81         81 0.1762E+02 0.3651E-08 0.2952E-02 0.3875E-08 0.1372E-07 0.1670E-08 0.7267E-31 0.1377E-01
         82         82 0.1784E+02 0.3650E-08 0.2952E-02 0.3712E-08 0.1371E-07 0.1670E-08 0.7369E-31 0.1378E-01
         83         83 0.1804E+02 0.3650E-08 0.2952E-02 0.3547E-08 0.1371E-07 0.1670E-08 0.7301E-31 0.1378E-01
         84         84 0.1825E+02 0.3650E-08 0.2952E-02 0.3382E-08 0.1371E-07 0.1670E-08 0.7426E-31 0.1378E-01
         85         85 0.1845E+02 0.3649E-08 0.2952E-02 0.3219E-08 0.1371E-07 0.1669E-08 0.7272E-31 0.1378E-01
         86         86 0.1866E+02 0.3649E-08 0.2952E-02 0.3061E-08 0.1371E-07 0.1669E-08 0.7405E-31 0.1378E-01
         87         87 0.1886E+02 0.3649E-08 0.2952E-02 0.2907E-08 0.1371E-07 0.1669E-08 0.7284E-31 0.1378E-01
         88         88 0.1912E+02 0.3649E-08 0.2952E-02 0.2759E-08 0.1371E-07 0.1669E-08 0.7353E-31 0.1378E-01
         89         89 0.1932E+02 0.3649E-08 0.2952E-02 0.2617E-08 0.1371E-07 0.1669E-08 0.7296E-31 0.1378E-01
         90         90 0.1953E+02 0.3648E-08 0.2952E-02 0.2480E-08 0.1371E-07 0.1669E-08 0.7419E-31 0.1378E-01
         91         91 0.1974E+02 0.3648E-08 0.2952E-02 0.2348E-08 0.1371E-07 0.1669E-08 0.7268E-31 0.1378E-01
         92         92 0.1995E+02 0.3648E-08 0.2952E-02 0.2221E-08 0.1371E-07 0.1669E-08 0.7408E-31 0.1378E-01
         93         93 0.2015E+02 0.3648E-08 0.2952E-02 0.2099E-08 0.1371E-07 0.1669E-08 0.7293E-31 0.1378E-01
         94         94 0.2036E+02 0.3648E-08 0.2952E-02 0.1981E-08 0.1371E-07 0.1669E-08 0.7425E-31 0.1377E-01
         95         95 0.2056E+02 0.3648E-08 0.2952E-02 0.1868E-08 0.1370E-07 0.1669E-08 0.7210E-31 0.1377E-01
         96         96 0.2076E+02 0.3647E-08 0.2952E-02 0.1789E-08 0.1370E-07 0.1669E-08 0.7366E-31 0.1377E-01
         97         97 0.2096E+02 0.3647E-08 0.2952E-02 0.1730E-08 0.1370E-07 0.1668E-08 0.7168E-31 0.1377E-01
         98         98 0.2117E+02 0.3647E-08 0.2952E-02 0.1662E-08 0.1370E-07 0.1668E-08 0.7348E-31 0.1376E-01
         99         99 0.2140E+02 0.3647E-08 0.2952E-02 0.1607E-08 0.1370E-07 0.1668E-08 0.7217E-31 0.1376E-01
        100        100 0.2160E+02 0.3647E-08 0.2952E-02 0.1553E-08 0.1370E-07 0.1668E-08 0.7393E-31 0.1376E-01
        101        101 0.2180E+02 0.3647E-08 0.2952E-02 0.1512E-08 0.1370E-07 0.1668E-08 0.7202E-31 0.1376E-01
        102        102 0.2200E+02 0.3647E-08 0.2952E-02 0.1435E-08 0.1370E-07 0.1668E-08 0.7382E-31 0.1375E-01
        103        103 0.2222E+02 0.3647E-08 0.2952E-02 0.1349E-08 0.1370E-07 0.1668E-08 0.7181E-31 0.1375E-01
        104        104 0.2242E+02 0.3646E-08 0.2952E-02 0.1265E-08 0.1370E-07 0.1668E-08 0.7362E-31 0.1375E-01
        105        105 0.2262E+02 0.3646E-08 0.2952E-02 0.1178E-08 0.1370E-07 0.1668E-08 0.7273E-31 0.1375E-01
        106        106 0.2285E+02 0.3646E-08 0.2952E-02 0.1086E-08 0.1370E-07 0.1668E-08 0.7353E-31 0.1374E-01
        107        107 0.2305E+02 0.3646E-08 0.2952E-02 0.9925E-09 0.1370E-07 0.1668E-08 0.7254E-31 0.1374E-01
        108        108 0.2329E+02 0.3646E-08 0.2952E-02 0.9019E-09 0.1370E-07 0.1668E-08 0.7364E-31 0.1374E-01
        109        109 0.2355E+02 0.3646E-08 0.2952E-02 0.8188E-09 0.1370E-07 0.1668E-08 0.7215E-31 0.1374E-01
        110        110 0.2375E+02 0.3646E-08 0.2952E-02 0.7438E-09 0.1370E-07 0.1668E-08 0.7412E-31 0.1373E-01
        111        111 0.2394E+02 0.3646E-08 0.2952E-02 0.6777E-09 0.1370E-07 0.1668E-08 0.7223E-31 0.1373E-01
        112        112 0.2415E+02 0.3646E-08 0.2952E-02 0.6189E-09 0.1370E-07 0.1668E-08 0.7378E-31 0.1373E-01
        113        113 0.2436E+02 0.3646E-08 0.2952E-02 0.5671E-09 0.1370E-07 0.1668E-08 0.7188E-31 0.1373E-01
        114        114 0.2456E+02 0.3645E-08 0.2952E-02 0.5205E-09 0.1370E-07 0.1668E-08 0.7324E-31 0.1373E-01
        115        115 0.2481E+02 0.3645E-08 0.2952E-02 0.4786E-09 0.1370E-07 0.1668E-08 0.7173E-31 0.1372E-01
        116        116 0.2502E+02 0.3645E-08 0.2952E-02 0.4405E-09 0.1370E-07 0.1668E-08 0.7368E-31 0.1372E-01
        117        117 0.2522E+02 0.3645E-08 0.2952E-02 0.4059E-09 0.1370E-07 0.1668E-08 0.7198E-31 0.1372E-01
        118        118 0.2546E+02 0.3645E-08 0.2952E-02 0.3741E-09 0.1370E-07 0.1668E-08 0.7315E-31 0.1372E-01
        119        119 0.2568E+02 0.3645E-08 0.2952E-02 0.3449E-09 0.1370E-07 0.1667E-08 0.7179E-31 0.1372E-01
        120        120 0.2589E+02 0.3645E-08 0.2952E-02 0.3178E-09 0.1369E-07 0.1667E-08 0.7320E-31 0.1371E-01
