#  1  time step                
#  0  Newton iteration         
#  1  CPU time                 
#  1  overall residual drop    
#  1  total beta drop          
#  1  change in total beta drop
#  1  alpha residual drop      
#  1  momentum residual drop   
#  1  drop diameter residual   
#  1  droplet mass deficit %   
          1          1 0.3491E+00 0.5185E-07 0.3148E-02 0.1291E-05 0.1709E-06 0.3920E-07 0.3462E-30 0.1411E-01
          2          2 0.6964E+00 0.1009E-07 0.3137E-02 0.3251E-05 0.3615E-07 0.5989E-08 0.1107E-30 0.1451E-01
          3          3 0.9841E+00 0.5606E-08 0.3123E-02 0.5453E-05 0.2058E-07 0.2967E-08 0.9783E-31 0.1384E-01
          4          4 0.1275E+01 0.4967E-08 0.3110E-02 0.7688E-05 0.1837E-07 0.2523E-08 0.9595E-31 0.1289E-01
          5          5 0.1721E+01 0.4586E-08 0.3097E-02 0.9833E-05 0.1717E-07 0.2157E-08 0.9221E-31 0.1189E-01
          6          6 0.2034E+01 0.4427E-08 0.3085E-02 0.1180E-04 0.1669E-07 0.1975E-08 0.8869E-31 0.1093E-01
          7          7 0.2327E+01 0.4332E-08 0.3075E-02 0.1224E-04 0.1637E-07 0.1888E-08 0.8730E-31 0.1006E-01
          8          8 0.2686E+01 0.4270E-08 0.3066E-02 0.1175E-04 0.1614E-07 0.1860E-08 0.8675E-31 0.9285E-02
          9          9 0.3014E+01 0.4229E-08 0.3059E-02 0.1075E-04 0.1597E-07 0.1863E-08 0.8474E-31 0.8652E-02
         10         10 0.3308E+01 0.4202E-08 0.3053E-02 0.9454E-05 0.1583E-07 0.1881E-08 0.8593E-31 0.8154E-02
         11         11 0.3596E+01 0.4183E-08 0.3049E-02 0.8030E-05 0.1573E-07 0.1904E-08 0.8396E-31 0.7791E-02
         12         12 0.3884E+01 0.4169E-08 0.3046E-02 0.6621E-05 0.1564E-07 0.1930E-08 0.8460E-31 0.7549E-02
         13         13 0.4174E+01 0.4161E-08 0.3043E-02 0.5317E-05 0.1558E-07 0.1953E-08 0.8152E-31 0.7419E-02
         14         14 0.4585E+01 0.4157E-08 0.3041E-02 0.4193E-05 0.1554E-07 0.1973E-08 0.8205E-31 0.7384E-02
         15         15 0.4869E+01 0.4156E-08 0.3039E-02 0.3286E-05 0.1551E-07 0.1990E-08 0.8159E-31 0.7434E-02
         16         16 0.5186E+01 0.4157E-08 0.3038E-02 0.2601E-05 0.1550E-07 0.2004E-08 0.8306E-31 0.7554E-02
         17         17 0.5475E+01 0.4158E-08 0.3036E-02 0.2088E-05 0.1550E-07 0.2015E-08 0.8129E-31 0.7731E-02
         18         18 0.5758E+01 0.4160E-08 0.3035E-02 0.1711E-05 0.1549E-07 0.2023E-08 0.8095E-31 0.7958E-02
         19         19 0.6045E+01 0.4162E-08 0.3034E-02 0.1432E-05 0.1549E-07 0.2029E-08 0.8050E-31 0.8218E-02
         20         20 0.6343E+01 0.4163E-08 0.3034E-02 0.1214E-05 0.1550E-07 0.2033E-08 0.7943E-31 0.8497E-02
         21         21 0.6628E+01 0.4165E-08 0.3033E-02 0.1032E-05 0.1550E-07 0.2036E-08 0.7894E-31 0.8784E-02
         22         22 0.6912E+01 0.4168E-08 0.3032E-02 0.8679E-06 0.1551E-07 0.2040E-08 0.7796E-31 0.9069E-02
         23         23 0.7206E+01 0.4171E-08 0.3032E-02 0.7325E-06 0.1552E-07 0.2045E-08 0.7718E-31 0.9342E-02
         24         24 0.7495E+01 0.4176E-08 0.3032E-02 0.6132E-06 0.1553E-07 0.2049E-08 0.7955E-31 0.9596E-02
         25         25 0.7776E+01 0.4180E-08 0.3031E-02 0.5050E-06 0.1555E-07 0.2052E-08 0.7754E-31 0.9827E-02
         26         26 0.8067E+01 0.4186E-08 0.3031E-02 0.4072E-06 0.1557E-07 0.2056E-08 0.7749E-31 0.1003E-01
         27         27 0.8378E+01 0.4191E-08 0.3031E-02 0.3200E-06 0.1558E-07 0.2060E-08 0.7777E-31 0.1021E-01
         28         28 0.8666E+01 0.4193E-08 0.3031E-02 0.2446E-06 0.1559E-07 0.2064E-08 0.7866E-31 0.1035E-01
         29         29 0.8961E+01 0.4193E-08 0.3031E-02 0.1793E-06 0.1558E-07 0.2067E-08 0.7785E-31 0.1047E-01
         30         30 0.9294E+01 0.4193E-08 0.3031E-02 0.1236E-06 0.1558E-07 0.2070E-08 0.7641E-31 0.1057E-01
         31         31 0.9581E+01 0.4191E-08 0.3031E-02 0.7698E-07 0.1557E-07 0.2072E-08 0.7682E-31 0.1064E-01
         32         32 0.9869E+01 0.4188E-08 0.3031E-02 0.3866E-07 0.1555E-07 0.2074E-08 0.7819E-31 0.1070E-01
         33         33 0.1017E+02 0.4184E-08 0.3031E-02 0.8013E-08 0.1554E-07 0.2076E-08 0.7631E-31 0.1074E-01
         34         34 0.1046E+02 0.4179E-08 0.3031E-02 0.1599E-07 0.1551E-07 0.2077E-08 0.7593E-31 0.1077E-01
         35         35 0.1074E+02 0.4173E-08 0.3031E-02 0.3423E-07 0.1548E-07 0.2078E-08 0.7561E-31 0.1080E-01
         36         36 0.1108E+02 0.4166E-08 0.3031E-02 0.4761E-07 0.1545E-07 0.2079E-08 0.7622E-31 0.1082E-01
         37         37 0.1145E+02 0.4158E-08 0.3031E-02 0.5695E-07 0.1542E-07 0.2079E-08 0.7559E-31 0.1083E-01
         38         38 0.1173E+02 0.4150E-08 0.3031E-02 0.6303E-07 0.1538E-07 0.2080E-08 0.7524E-31 0.1085E-01
         39         39 0.1202E+02 0.4142E-08 0.3031E-02 0.6649E-07 0.1535E-07 0.2081E-08 0.7420E-31 0.1086E-01
         40         40 0.1231E+02 0.4134E-08 0.3031E-02 0.6789E-07 0.1531E-07 0.2082E-08 0.7539E-31 0.1088E-01
         41         41 0.1259E+02 0.4126E-08 0.3032E-02 0.6771E-07 0.1527E-07 0.2084E-08 0.7452E-31 0.1091E-01
         42         42 0.1289E+02 0.4118E-08 0.3032E-02 0.6635E-07 0.1524E-07 0.2086E-08 0.7508E-31 0.1094E-01
         43         43 0.1319E+02 0.4110E-08 0.3032E-02 0.6415E-07 0.1520E-07 0.2089E-08 0.7506E-31 0.1097E-01
         44         44 0.1354E+02 0.4103E-08 0.3032E-02 0.6136E-07 0.1517E-07 0.2092E-08 0.7600E-31 0.1101E-01
         45         45 0.1382E+02 0.4097E-08 0.3032E-02 0.5819E-07 0.1514E-07 0.2095E-08 0.7616E-31 0.1105E-01
         46         46 0.1412E+02 0.4091E-08 0.3032E-02 0.5480E-07 0.1511E-07 0.2098E-08 0.7518E-31 0.1110E-01
         47         47 0.1441E+02 0.4087E-08 0.3032E-02 0.5129E-07 0.1508E-07 0.2101E-08 0.7502E-31 0.1116E-01
         48         48 0.1470E+02 0.4083E-08 0.3032E-02 0.4778E-07 0.1506E-07 0.2104E-08 0.7694E-31 0.1121E-01
         49         49 0.1498E+02 0.4080E-08 0.3032E-02 0.4431E-07 0.1505E-07 0.2108E-08 0.7593E-31 0.1127E-01
         50         50 0.1528E+02 0.4078E-08 0.3032E-02 0.4097E-07 0.1503E-07 0.2111E-08 0.7588E-31 0.1133E-01
         51         51 0.1558E+02 0.4077E-08 0.3032E-02 0.3780E-07 0.1502E-07 0.2115E-08 0.7441E-31 0.1139E-01
         52         52 0.1587E+02 0.4077E-08 0.3032E-02 0.3483E-07 0.1502E-07 0.2118E-08 0.7663E-31 0.1146E-01
         53         53 0.1616E+02 0.4077E-08 0.3032E-02 0.3209E-07 0.1502E-07 0.2122E-08 0.7440E-31 0.1152E-01
         54         54 0.1645E+02 0.4079E-08 0.3032E-02 0.2958E-07 0.1502E-07 0.2126E-08 0.7503E-31 0.1158E-01
         55         55 0.1675E+02 0.4080E-08 0.3032E-02 0.2732E-07 0.1502E-07 0.2130E-08 0.7373E-31 0.1165E-01
         56         56 0.1716E+02 0.4083E-08 0.3032E-02 0.2527E-07 0.1502E-07 0.2133E-08 0.7558E-31 0.1171E-01
         57         57 0.1745E+02 0.4086E-08 0.3032E-02 0.2342E-07 0.1503E-07 0.2138E-08 0.7392E-31 0.1177E-01
         58         58 0.1778E+02 0.4089E-08 0.3032E-02 0.2175E-07 0.1504E-07 0.2142E-08 0.7471E-31 0.1183E-01
         59         59 0.1807E+02 0.4093E-08 0.3032E-02 0.2024E-07 0.1505E-07 0.2146E-08 0.7401E-31 0.1188E-01
         60         60 0.1836E+02 0.4097E-08 0.3032E-02 0.1887E-07 0.1506E-07 0.2150E-08 0.7478E-31 0.1194E-01
         61         61 0.1866E+02 0.4101E-08 0.3032E-02 0.1762E-07 0.1508E-07 0.2154E-08 0.7363E-31 0.1199E-01
         62         62 0.1895E+02 0.4105E-08 0.3032E-02 0.1649E-07 0.1509E-07 0.2159E-08 0.7418E-31 0.1204E-01
         63         63 0.1923E+02 0.4109E-08 0.3032E-02 0.1545E-07 0.1510E-07 0.2163E-08 0.7273E-31 0.1209E-01
         64         64 0.1952E+02 0.4114E-08 0.3032E-02 0.1450E-07 0.1512E-07 0.2168E-08 0.7379E-31 0.1213E-01
         65         65 0.1980E+02 0.4118E-08 0.3032E-02 0.1362E-07 0.1513E-07 0.2172E-08 0.7400E-31 0.1217E-01
         66         66 0.2017E+02 0.4123E-08 0.3032E-02 0.1282E-07 0.1514E-07 0.2176E-08 0.7383E-31 0.1221E-01
         67         67 0.2046E+02 0.4127E-08 0.3032E-02 0.1208E-07 0.1516E-07 0.2180E-08 0.7310E-31 0.1224E-01
         68         68 0.2075E+02 0.4131E-08 0.3032E-02 0.1139E-07 0.1517E-07 0.2184E-08 0.7446E-31 0.1227E-01
         69         69 0.2103E+02 0.4135E-08 0.3032E-02 0.1074E-07 0.1518E-07 0.2188E-08 0.7404E-31 0.1230E-01
         70         70 0.2133E+02 0.4138E-08 0.3032E-02 0.1014E-07 0.1519E-07 0.2192E-08 0.7333E-31 0.1233E-01
         71         71 0.2162E+02 0.4142E-08 0.3032E-02 0.9575E-08 0.1520E-07 0.2196E-08 0.7332E-31 0.1236E-01
         72         72 0.2198E+02 0.4145E-08 0.3032E-02 0.9037E-08 0.1521E-07 0.2199E-08 0.7375E-31 0.1238E-01
         73         73 0.2228E+02 0.4147E-08 0.3032E-02 0.8530E-08 0.1522E-07 0.2203E-08 0.7302E-31 0.1240E-01
         74         74 0.2256E+02 0.4150E-08 0.3032E-02 0.8044E-08 0.1522E-07 0.2206E-08 0.7361E-31 0.1243E-01
         75         75 0.2286E+02 0.4152E-08 0.3032E-02 0.7579E-08 0.1523E-07 0.2209E-08 0.7243E-31 0.1245E-01
         76         76 0.2316E+02 0.4154E-08 0.3032E-02 0.7131E-08 0.1523E-07 0.2212E-08 0.7349E-31 0.1247E-01
         77         77 0.2346E+02 0.4156E-08 0.3032E-02 0.6701E-08 0.1524E-07 0.2215E-08 0.7346E-31 0.1250E-01
         78         78 0.2375E+02 0.4157E-08 0.3032E-02 0.6286E-08 0.1524E-07 0.2218E-08 0.7357E-31 0.1252E-01
         79         79 0.2404E+02 0.4158E-08 0.3032E-02 0.5885E-08 0.1524E-07 0.2221E-08 0.7287E-31 0.1254E-01
         80         80 0.2434E+02 0.4159E-08 0.3032E-02 0.5497E-08 0.1524E-07 0.2223E-08 0.7386E-31 0.1257E-01
         81         81 0.2463E+02 0.4160E-08 0.3032E-02 0.5118E-08 0.1524E-07 0.2226E-08 0.7272E-31 0.1260E-01
         82         82 0.2491E+02 0.4161E-08 0.3032E-02 0.4749E-08 0.1524E-07 0.2228E-08 0.7386E-31 0.1263E-01
         83         83 0.2522E+02 0.4161E-08 0.3032E-02 0.4386E-08 0.1524E-07 0.2230E-08 0.7332E-31 0.1266E-01
         84         84 0.2551E+02 0.4162E-08 0.3032E-02 0.4029E-08 0.1524E-07 0.2232E-08 0.7472E-31 0.1269E-01
         85         85 0.2580E+02 0.4162E-08 0.3032E-02 0.3678E-08 0.1524E-07 0.2234E-08 0.7351E-31 0.1272E-01
         86         86 0.2611E+02 0.4162E-08 0.3032E-02 0.3335E-08 0.1524E-07 0.2236E-08 0.7351E-31 0.1276E-01
         87         87 0.2642E+02 0.4162E-08 0.3032E-02 0.3002E-08 0.1524E-07 0.2237E-08 0.7279E-31 0.1280E-01
         88         88 0.2670E+02 0.4162E-08 0.3032E-02 0.2680E-08 0.1523E-07 0.2239E-08 0.7385E-31 0.1283E-01
         89         89 0.2700E+02 0.4162E-08 0.3032E-02 0.2371E-08 0.1523E-07 0.2240E-08 0.7276E-31 0.1287E-01
         90         90 0.2730E+02 0.4162E-08 0.3032E-02 0.2075E-08 0.1523E-07 0.2242E-08 0.7338E-31 0.1291E-01
         91         91 0.2758E+02 0.4162E-08 0.3032E-02 0.1797E-08 0.1523E-07 0.2243E-08 0.7245E-31 0.1295E-01
         92         92 0.2787E+02 0.4161E-08 0.3032E-02 0.1534E-08 0.1522E-07 0.2244E-08 0.7378E-31 0.1299E-01
         93         93 0.2815E+02 0.4161E-08 0.3032E-02 0.1290E-08 0.1522E-07 0.2245E-08 0.7250E-31 0.1303E-01
         94         94 0.2849E+02 0.4161E-08 0.3032E-02 0.1063E-08 0.1522E-07 0.2247E-08 0.7320E-31 0.1307E-01
         95         95 0.2878E+02 0.4160E-08 0.3032E-02 0.8538E-09 0.1521E-07 0.2248E-08 0.7258E-31 0.1311E-01
         96         96 0.2907E+02 0.4160E-08 0.3032E-02 0.6604E-09 0.1521E-07 0.2249E-08 0.7377E-31 0.1315E-01
         97         97 0.2957E+02 0.4160E-08 0.3032E-02 0.4802E-09 0.1521E-07 0.2249E-08 0.7249E-31 0.1319E-01
         98         98 0.2986E+02 0.4160E-08 0.3032E-02 0.3115E-09 0.1521E-07 0.2250E-08 0.7340E-31 0.1322E-01
         99         99 0.3015E+02 0.4159E-08 0.3032E-02 0.1537E-09 0.1520E-07 0.2251E-08 0.7222E-31 0.1326E-01
        100        100 0.3045E+02 0.4159E-08 0.3032E-02 0.5746E-11 0.1520E-07 0.2252E-08 0.7382E-31 0.1329E-01
        101        101 0.3074E+02 0.4159E-08 0.3032E-02 0.1326E-09 0.1520E-07 0.2253E-08 0.7304E-31 0.1333E-01
        102        102 0.3103E+02 0.4158E-08 0.3032E-02 0.2600E-09 0.1520E-07 0.2253E-08 0.7294E-31 0.1336E-01
        103        103 0.3133E+02 0.4158E-08 0.3032E-02 0.3763E-09 0.1520E-07 0.2254E-08 0.7216E-31 0.1339E-01
        104        104 0.3161E+02 0.4158E-08 0.3032E-02 0.4805E-09 0.1519E-07 0.2255E-08 0.7284E-31 0.1341E-01
        105        105 0.3190E+02 0.4158E-08 0.3032E-02 0.5729E-09 0.1519E-07 0.2255E-08 0.7221E-31 0.1344E-01
        106        106 0.3221E+02 0.4157E-08 0.3032E-02 0.6537E-09 0.1519E-07 0.2256E-08 0.7244E-31 0.1346E-01
        107        107 0.3255E+02 0.4157E-08 0.3032E-02 0.7231E-09 0.1519E-07 0.2256E-08 0.7212E-31 0.1348E-01
        108        108 0.3283E+02 0.4157E-08 0.3032E-02 0.7819E-09 0.1519E-07 0.2257E-08 0.7312E-31 0.1350E-01
        109        109 0.3311E+02 0.4157E-08 0.3032E-02 0.8306E-09 0.1518E-07 0.2258E-08 0.7234E-31 0.1352E-01
        110        110 0.3340E+02 0.4156E-08 0.3032E-02 0.8701E-09 0.1518E-07 0.2258E-08 0.7246E-31 0.1354E-01
        111        111 0.3370E+02 0.4156E-08 0.3032E-02 0.9010E-09 0.1518E-07 0.2259E-08 0.7187E-31 0.1355E-01
        112        112 0.3400E+02 0.4156E-08 0.3032E-02 0.9242E-09 0.1518E-07 0.2259E-08 0.7286E-31 0.1356E-01
        113        113 0.3430E+02 0.4156E-08 0.3032E-02 0.9406E-09 0.1518E-07 0.2260E-08 0.7290E-31 0.1358E-01
        114        114 0.3461E+02 0.4156E-08 0.3032E-02 0.9508E-09 0.1518E-07 0.2260E-08 0.7285E-31 0.1359E-01
        115        115 0.3489E+02 0.4156E-08 0.3032E-02 0.9555E-09 0.1518E-07 0.2261E-08 0.7230E-31 0.1359E-01
        116        116 0.3520E+02 0.4156E-08 0.3032E-02 0.9540E-09 0.1518E-07 0.2261E-08 0.7319E-31 0.1360E-01
        117        117 0.3549E+02 0.4155E-08 0.3032E-02 0.9477E-09 0.1517E-07 0.2261E-08 0.7223E-31 0.1361E-01
        118        118 0.3577E+02 0.4155E-08 0.3032E-02 0.9366E-09 0.1517E-07 0.2262E-08 0.7245E-31 0.1361E-01
        119        119 0.3606E+02 0.4155E-08 0.3032E-02 0.9214E-09 0.1517E-07 0.2262E-08 0.7204E-31 0.1362E-01
        120        120 0.3636E+02 0.4155E-08 0.3032E-02 0.9030E-09 0.1517E-07 0.2263E-08 0.7269E-31 0.1362E-01
