#  1  time step                
#  0  Newton iteration         
#  1  CPU time                 
#  1  overall residual drop    
#  1  total beta drop          
#  1  change in total beta drop
#  1  alpha residual drop      
#  1  momentum residual drop   
#  1  drop diameter residual   
#  1  droplet mass deficit %   
          1          1 0.4364E+00 0.5170E-07 0.3002E-02 0.4586E-06 0.1610E-06 0.4328E-07 0.3593E-30 0.7648E-02
          2          2 0.6685E+00 0.1232E-07 0.2999E-02 0.9754E-06 0.4298E-07 0.8034E-08 0.1107E-30 0.7602E-02
          3          3 0.8886E+00 0.7394E-08 0.2996E-02 0.1479E-05 0.2779E-07 0.3372E-08 0.9994E-31 0.7647E-02
          4          4 0.1133E+01 0.5543E-08 0.2992E-02 0.2035E-05 0.2099E-07 0.2380E-08 0.9525E-31 0.7635E-02
          5          5 0.1614E+01 0.4637E-08 0.2989E-02 0.2661E-05 0.1744E-07 0.2102E-08 0.8846E-31 0.7553E-02
          6          6 0.1844E+01 0.4130E-08 0.2985E-02 0.3342E-05 0.1546E-07 0.1942E-08 0.8865E-31 0.7423E-02
          7          7 0.2136E+01 0.3850E-08 0.2981E-02 0.3565E-05 0.1438E-07 0.1841E-08 0.8621E-31 0.7271E-02
          8          8 0.2465E+01 0.3699E-08 0.2977E-02 0.3675E-05 0.1381E-07 0.1773E-08 0.8621E-31 0.7115E-02
          9          9 0.2687E+01 0.3614E-08 0.2973E-02 0.3720E-05 0.1350E-07 0.1725E-08 0.8561E-31 0.6965E-02
         10         10 0.2914E+01 0.3565E-08 0.2971E-02 0.3617E-05 0.1332E-07 0.1694E-08 0.8421E-31 0.6825E-02
         11         11 0.3141E+01 0.3534E-08 0.2969E-02 0.3345E-05 0.1321E-07 0.1676E-08 0.8218E-31 0.6695E-02
         12         12 0.3368E+01 0.3515E-08 0.2967E-02 0.2927E-05 0.1314E-07 0.1664E-08 0.8092E-31 0.6577E-02
         13         13 0.3675E+01 0.3502E-08 0.2966E-02 0.2426E-05 0.1310E-07 0.1656E-08 0.8106E-31 0.6469E-02
         14         14 0.4022E+01 0.3495E-08 0.2965E-02 0.1911E-05 0.1307E-07 0.1650E-08 0.7927E-31 0.6375E-02
         15         15 0.4248E+01 0.3489E-08 0.2965E-02 0.1421E-05 0.1305E-07 0.1646E-08 0.7783E-31 0.6296E-02
         16         16 0.4473E+01 0.3484E-08 0.2965E-02 0.9841E-06 0.1304E-07 0.1642E-08 0.7953E-31 0.6232E-02
         17         17 0.4696E+01 0.3482E-08 0.2965E-02 0.6146E-06 0.1303E-07 0.1639E-08 0.7864E-31 0.6186E-02
         18         18 0.4916E+01 0.3483E-08 0.2965E-02 0.3148E-06 0.1304E-07 0.1637E-08 0.7970E-31 0.6156E-02
         19         19 0.5141E+01 0.3486E-08 0.2965E-02 0.8370E-07 0.1305E-07 0.1635E-08 0.7853E-31 0.6143E-02
         20         20 0.5368E+01 0.3491E-08 0.2966E-02 0.8931E-07 0.1307E-07 0.1634E-08 0.7823E-31 0.6143E-02
         21         21 0.5616E+01 0.3498E-08 0.2966E-02 0.2127E-06 0.1310E-07 0.1635E-08 0.7823E-31 0.6154E-02
         22         22 0.5880E+01 0.3506E-08 0.2967E-02 0.2962E-06 0.1314E-07 0.1637E-08 0.7862E-31 0.6173E-02
         23         23 0.6111E+01 0.3515E-08 0.2967E-02 0.3483E-06 0.1317E-07 0.1640E-08 0.7866E-31 0.6198E-02
         24         24 0.6337E+01 0.3525E-08 0.2967E-02 0.3764E-06 0.1321E-07 0.1644E-08 0.7962E-31 0.6226E-02
         25         25 0.6564E+01 0.3535E-08 0.2968E-02 0.3866E-06 0.1325E-07 0.1648E-08 0.7892E-31 0.6255E-02
         26         26 0.6788E+01 0.3546E-08 0.2968E-02 0.3840E-06 0.1329E-07 0.1654E-08 0.7663E-31 0.6283E-02
         27         27 0.7020E+01 0.3557E-08 0.2968E-02 0.3726E-06 0.1333E-07 0.1659E-08 0.7857E-31 0.6310E-02
         28         28 0.7254E+01 0.3567E-08 0.2969E-02 0.3554E-06 0.1337E-07 0.1664E-08 0.7740E-31 0.6336E-02
         29         29 0.7482E+01 0.3575E-08 0.2969E-02 0.3349E-06 0.1340E-07 0.1668E-08 0.7825E-31 0.6360E-02
         30         30 0.7713E+01 0.3581E-08 0.2969E-02 0.3126E-06 0.1342E-07 0.1671E-08 0.7728E-31 0.6384E-02
         31         31 0.7949E+01 0.3586E-08 0.2970E-02 0.2896E-06 0.1344E-07 0.1672E-08 0.7746E-31 0.6407E-02
         32         32 0.8205E+01 0.3591E-08 0.2970E-02 0.2667E-06 0.1346E-07 0.1673E-08 0.7541E-31 0.6433E-02
         33         33 0.8427E+01 0.3596E-08 0.2970E-02 0.2445E-06 0.1348E-07 0.1673E-08 0.7672E-31 0.6460E-02
         34         34 0.8709E+01 0.3599E-08 0.2970E-02 0.2231E-06 0.1350E-07 0.1672E-08 0.7486E-31 0.6492E-02
         35         35 0.8933E+01 0.3600E-08 0.2970E-02 0.2029E-06 0.1350E-07 0.1670E-08 0.7727E-31 0.6529E-02
         36         36 0.9171E+01 0.3600E-08 0.2970E-02 0.1838E-06 0.1350E-07 0.1668E-08 0.7336E-31 0.6571E-02
         37         37 0.9395E+01 0.3600E-08 0.2970E-02 0.1659E-06 0.1350E-07 0.1667E-08 0.7697E-31 0.6620E-02
         38         38 0.9621E+01 0.3598E-08 0.2971E-02 0.1492E-06 0.1350E-07 0.1665E-08 0.7445E-31 0.6677E-02
         39         39 0.9843E+01 0.3597E-08 0.2971E-02 0.1338E-06 0.1349E-07 0.1663E-08 0.7587E-31 0.6741E-02
         40         40 0.1007E+02 0.3595E-08 0.2971E-02 0.1196E-06 0.1349E-07 0.1662E-08 0.7382E-31 0.6813E-02
         41         41 0.1031E+02 0.3592E-08 0.2971E-02 0.1066E-06 0.1348E-07 0.1660E-08 0.7587E-31 0.6892E-02
         42         42 0.1053E+02 0.3590E-08 0.2971E-02 0.9474E-07 0.1347E-07 0.1659E-08 0.7551E-31 0.6979E-02
         43         43 0.1075E+02 0.3588E-08 0.2971E-02 0.8396E-07 0.1346E-07 0.1657E-08 0.7622E-31 0.7073E-02
         44         44 0.1098E+02 0.3585E-08 0.2971E-02 0.7423E-07 0.1345E-07 0.1656E-08 0.7479E-31 0.7174E-02
         45         45 0.1120E+02 0.3582E-08 0.2971E-02 0.6550E-07 0.1344E-07 0.1654E-08 0.7683E-31 0.7280E-02
         46         46 0.1142E+02 0.3578E-08 0.2971E-02 0.5770E-07 0.1343E-07 0.1653E-08 0.7641E-31 0.7391E-02
         47         47 0.1164E+02 0.3575E-08 0.2971E-02 0.5075E-07 0.1342E-07 0.1651E-08 0.7661E-31 0.7507E-02
         48         48 0.1186E+02 0.3573E-08 0.2971E-02 0.4459E-07 0.1341E-07 0.1650E-08 0.7483E-31 0.7625E-02
         49         49 0.1211E+02 0.3570E-08 0.2971E-02 0.3913E-07 0.1340E-07 0.1648E-08 0.7604E-31 0.7746E-02
         50         50 0.1234E+02 0.3567E-08 0.2971E-02 0.3432E-07 0.1339E-07 0.1647E-08 0.7442E-31 0.7868E-02
         51         51 0.1257E+02 0.3564E-08 0.2971E-02 0.3011E-07 0.1338E-07 0.1646E-08 0.7630E-31 0.7991E-02
         52         52 0.1280E+02 0.3562E-08 0.2971E-02 0.2649E-07 0.1337E-07 0.1645E-08 0.7442E-31 0.8113E-02
         53         53 0.1302E+02 0.3560E-08 0.2971E-02 0.2340E-07 0.1336E-07 0.1644E-08 0.7595E-31 0.8234E-02
         54         54 0.1324E+02 0.3558E-08 0.2971E-02 0.2078E-07 0.1335E-07 0.1643E-08 0.7516E-31 0.8353E-02
         55         55 0.1346E+02 0.3556E-08 0.2971E-02 0.1855E-07 0.1334E-07 0.1642E-08 0.7632E-31 0.8469E-02
         56         56 0.1369E+02 0.3554E-08 0.2971E-02 0.1665E-07 0.1333E-07 0.1641E-08 0.7439E-31 0.8582E-02
         57         57 0.1404E+02 0.3552E-08 0.2971E-02 0.1500E-07 0.1333E-07 0.1640E-08 0.7586E-31 0.8692E-02
         58         58 0.1426E+02 0.3550E-08 0.2971E-02 0.1353E-07 0.1332E-07 0.1640E-08 0.7498E-31 0.8797E-02
         59         59 0.1454E+02 0.3549E-08 0.2971E-02 0.1223E-07 0.1332E-07 0.1639E-08 0.7536E-31 0.8898E-02
         60         60 0.1476E+02 0.3547E-08 0.2971E-02 0.1107E-07 0.1331E-07 0.1638E-08 0.7464E-31 0.8995E-02
         61         61 0.1498E+02 0.3546E-08 0.2971E-02 0.1006E-07 0.1331E-07 0.1637E-08 0.7500E-31 0.9086E-02
         62         62 0.1522E+02 0.3545E-08 0.2971E-02 0.9166E-08 0.1330E-07 0.1637E-08 0.7436E-31 0.9172E-02
         63         63 0.1545E+02 0.3544E-08 0.2971E-02 0.8389E-08 0.1330E-07 0.1636E-08 0.7586E-31 0.9253E-02
         64         64 0.1567E+02 0.3543E-08 0.2971E-02 0.7709E-08 0.1329E-07 0.1636E-08 0.7494E-31 0.9329E-02
         65         65 0.1590E+02 0.3542E-08 0.2971E-02 0.7111E-08 0.1329E-07 0.1635E-08 0.7590E-31 0.9399E-02
         66         66 0.1613E+02 0.3541E-08 0.2971E-02 0.6579E-08 0.1329E-07 0.1635E-08 0.7452E-31 0.9465E-02
         67         67 0.1635E+02 0.3540E-08 0.2971E-02 0.6102E-08 0.1329E-07 0.1635E-08 0.7570E-31 0.9525E-02
         68         68 0.1661E+02 0.3540E-08 0.2971E-02 0.5670E-08 0.1328E-07 0.1634E-08 0.7354E-31 0.9580E-02
         69         69 0.1684E+02 0.3539E-08 0.2971E-02 0.5293E-08 0.1328E-07 0.1634E-08 0.7508E-31 0.9631E-02
         70         70 0.1707E+02 0.3539E-08 0.2971E-02 0.4995E-08 0.1328E-07 0.1634E-08 0.7415E-31 0.9678E-02
         71         71 0.1731E+02 0.3538E-08 0.2971E-02 0.4753E-08 0.1328E-07 0.1634E-08 0.7468E-31 0.9720E-02
         72         72 0.1753E+02 0.3538E-08 0.2971E-02 0.4536E-08 0.1328E-07 0.1633E-08 0.7448E-31 0.9758E-02
         73         73 0.1776E+02 0.3538E-08 0.2971E-02 0.4329E-08 0.1328E-07 0.1633E-08 0.7508E-31 0.9793E-02
         74         74 0.1798E+02 0.3537E-08 0.2971E-02 0.4125E-08 0.1327E-07 0.1633E-08 0.7385E-31 0.9824E-02
         75         75 0.1821E+02 0.3537E-08 0.2971E-02 0.3908E-08 0.1327E-07 0.1633E-08 0.7507E-31 0.9851E-02
         76         76 0.1843E+02 0.3537E-08 0.2971E-02 0.3648E-08 0.1327E-07 0.1633E-08 0.7439E-31 0.9876E-02
         77         77 0.1870E+02 0.3537E-08 0.2971E-02 0.3369E-08 0.1327E-07 0.1633E-08 0.7550E-31 0.9898E-02
         78         78 0.1892E+02 0.3537E-08 0.2971E-02 0.3098E-08 0.1327E-07 0.1633E-08 0.7453E-31 0.9917E-02
         79         79 0.1915E+02 0.3536E-08 0.2971E-02 0.2854E-08 0.1327E-07 0.1633E-08 0.7560E-31 0.9935E-02
         80         80 0.1938E+02 0.3536E-08 0.2971E-02 0.2647E-08 0.1327E-07 0.1633E-08 0.7359E-31 0.9950E-02
         81         81 0.1960E+02 0.3536E-08 0.2971E-02 0.2478E-08 0.1327E-07 0.1633E-08 0.7604E-31 0.9964E-02
         82         82 0.1983E+02 0.3536E-08 0.2971E-02 0.2338E-08 0.1327E-07 0.1633E-08 0.7505E-31 0.9976E-02
         83         83 0.2005E+02 0.3536E-08 0.2971E-02 0.2212E-08 0.1327E-07 0.1633E-08 0.7564E-31 0.9987E-02
         84         84 0.2027E+02 0.3536E-08 0.2971E-02 0.2091E-08 0.1327E-07 0.1633E-08 0.7459E-31 0.9997E-02
         85         85 0.2049E+02 0.3536E-08 0.2971E-02 0.1965E-08 0.1327E-07 0.1633E-08 0.7601E-31 0.1001E-01
         86         86 0.2071E+02 0.3536E-08 0.2971E-02 0.1829E-08 0.1327E-07 0.1633E-08 0.7309E-31 0.1001E-01
         87         87 0.2099E+02 0.3536E-08 0.2972E-02 0.1683E-08 0.1327E-07 0.1633E-08 0.7603E-31 0.1002E-01
         88         88 0.2121E+02 0.3536E-08 0.2972E-02 0.1532E-08 0.1327E-07 0.1633E-08 0.7466E-31 0.1003E-01
         89         89 0.2143E+02 0.3536E-08 0.2972E-02 0.1389E-08 0.1327E-07 0.1633E-08 0.7484E-31 0.1004E-01
         90         90 0.2165E+02 0.3536E-08 0.2972E-02 0.1260E-08 0.1327E-07 0.1633E-08 0.7351E-31 0.1004E-01
         91         91 0.2187E+02 0.3536E-08 0.2972E-02 0.1148E-08 0.1327E-07 0.1633E-08 0.7560E-31 0.1005E-01
         92         92 0.2210E+02 0.3536E-08 0.2972E-02 0.1049E-08 0.1327E-07 0.1633E-08 0.7328E-31 0.1005E-01
         93         93 0.2233E+02 0.3536E-08 0.2972E-02 0.9605E-09 0.1327E-07 0.1633E-08 0.7516E-31 0.1006E-01
         94         94 0.2255E+02 0.3536E-08 0.2972E-02 0.8807E-09 0.1327E-07 0.1633E-08 0.7456E-31 0.1006E-01
         95         95 0.2278E+02 0.3536E-08 0.2972E-02 0.8075E-09 0.1327E-07 0.1633E-08 0.7564E-31 0.1007E-01
         96         96 0.2305E+02 0.3536E-08 0.2972E-02 0.7399E-09 0.1327E-07 0.1633E-08 0.7437E-31 0.1007E-01
         97         97 0.2327E+02 0.3536E-08 0.2972E-02 0.6772E-09 0.1327E-07 0.1633E-08 0.7605E-31 0.1008E-01
         98         98 0.2349E+02 0.3536E-08 0.2972E-02 0.6189E-09 0.1327E-07 0.1633E-08 0.7411E-31 0.1008E-01
         99         99 0.2371E+02 0.3536E-08 0.2972E-02 0.5648E-09 0.1327E-07 0.1633E-08 0.7563E-31 0.1008E-01
        100        100 0.2392E+02 0.3536E-08 0.2972E-02 0.5146E-09 0.1327E-07 0.1633E-08 0.7383E-31 0.1009E-01
        101        101 0.2414E+02 0.3536E-08 0.2972E-02 0.4682E-09 0.1327E-07 0.1633E-08 0.7494E-31 0.1009E-01
        102        102 0.2442E+02 0.3536E-08 0.2972E-02 0.4253E-09 0.1327E-07 0.1633E-08 0.7402E-31 0.1010E-01
        103        103 0.2464E+02 0.3536E-08 0.2972E-02 0.3858E-09 0.1327E-07 0.1633E-08 0.7524E-31 0.1010E-01
        104        104 0.2485E+02 0.3536E-08 0.2972E-02 0.3494E-09 0.1327E-07 0.1633E-08 0.7320E-31 0.1010E-01
        105        105 0.2509E+02 0.3536E-08 0.2972E-02 0.3161E-09 0.1327E-07 0.1633E-08 0.7568E-31 0.1011E-01
        106        106 0.2531E+02 0.3536E-08 0.2972E-02 0.2855E-09 0.1327E-07 0.1633E-08 0.7468E-31 0.1011E-01
        107        107 0.2552E+02 0.3536E-08 0.2972E-02 0.2575E-09 0.1327E-07 0.1633E-08 0.7505E-31 0.1011E-01
        108        108 0.2574E+02 0.3536E-08 0.2972E-02 0.2319E-09 0.1327E-07 0.1634E-08 0.7425E-31 0.1012E-01
        109        109 0.2597E+02 0.3537E-08 0.2972E-02 0.2086E-09 0.1327E-07 0.1634E-08 0.7527E-31 0.1012E-01
        110        110 0.2619E+02 0.3537E-08 0.2972E-02 0.1874E-09 0.1327E-07 0.1634E-08 0.7398E-31 0.1012E-01
        111        111 0.2643E+02 0.3537E-08 0.2972E-02 0.1681E-09 0.1327E-07 0.1634E-08 0.7559E-31 0.1013E-01
        112        112 0.2665E+02 0.3537E-08 0.2972E-02 0.1507E-09 0.1327E-07 0.1634E-08 0.7427E-31 0.1013E-01
        113        113 0.2687E+02 0.3537E-08 0.2972E-02 0.1350E-09 0.1327E-07 0.1634E-08 0.7519E-31 0.1013E-01
        114        114 0.2708E+02 0.3537E-08 0.2972E-02 0.1209E-09 0.1327E-07 0.1634E-08 0.7426E-31 0.1013E-01
        115        115 0.2732E+02 0.3537E-08 0.2972E-02 0.1080E-09 0.1327E-07 0.1634E-08 0.7525E-31 0.1014E-01
        116        116 0.2754E+02 0.3537E-08 0.2972E-02 0.9649E-10 0.1327E-07 0.1634E-08 0.7345E-31 0.1014E-01
        117        117 0.2776E+02 0.3537E-08 0.2972E-02 0.8610E-10 0.1327E-07 0.1634E-08 0.7536E-31 0.1014E-01
        118        118 0.2798E+02 0.3537E-08 0.2972E-02 0.7672E-10 0.1327E-07 0.1634E-08 0.7451E-31 0.1014E-01
        119        119 0.2820E+02 0.3537E-08 0.2972E-02 0.6829E-10 0.1327E-07 0.1634E-08 0.7464E-31 0.1015E-01
        120        120 0.2842E+02 0.3537E-08 0.2972E-02 0.6073E-10 0.1327E-07 0.1634E-08 0.7420E-31 0.1015E-01
