#  1  time step                
#  0  Newton iteration         
#  1  CPU time                 
#  1  overall residual drop    
#  1  total beta drop          
#  1  change in total beta drop
#  1  alpha residual drop      
#  1  momentum residual drop   
#  1  drop diameter residual   
#  1  droplet mass deficit %   
          1          1 0.3070E+00 0.5414E-07 0.3215E-02 0.1147E-05 0.1659E-06 0.4641E-07 0.4126E-30 0.2274E-01
          2          2 0.5689E+00 0.1236E-07 0.3201E-02 0.3493E-05 0.4257E-07 0.8379E-08 0.1143E-30 0.2406E-01
          3          3 0.9451E+00 0.7575E-08 0.3183E-02 0.6512E-05 0.2841E-07 0.3514E-08 0.1004E-30 0.2358E-01
          4          4 0.1207E+01 0.6451E-08 0.3163E-02 0.9818E-05 0.2484E-07 0.2328E-08 0.9567E-31 0.2249E-01
          5          5 0.1471E+01 0.6033E-08 0.3143E-02 0.1312E-04 0.2339E-07 0.1984E-08 0.9133E-31 0.2119E-01
          6          6 0.2021E+01 0.5831E-08 0.3125E-02 0.1621E-04 0.2265E-07 0.1852E-08 0.8778E-31 0.1989E-01
          7          7 0.2343E+01 0.5715E-08 0.3108E-02 0.1777E-04 0.2222E-07 0.1784E-08 0.8663E-31 0.1869E-01
          8          8 0.2631E+01 0.5643E-08 0.3095E-02 0.1765E-04 0.2196E-07 0.1739E-08 0.8657E-31 0.1763E-01
          9          9 0.2960E+01 0.5596E-08 0.3085E-02 0.1636E-04 0.2179E-07 0.1708E-08 0.8383E-31 0.1674E-01
         10         10 0.3242E+01 0.5565E-08 0.3077E-02 0.1433E-04 0.2167E-07 0.1690E-08 0.8237E-31 0.1599E-01
         11         11 0.3505E+01 0.5544E-08 0.3072E-02 0.1192E-04 0.2160E-07 0.1675E-08 0.8284E-31 0.1535E-01
         12         12 0.3791E+01 0.5532E-08 0.3068E-02 0.9447E-05 0.2155E-07 0.1666E-08 0.8206E-31 0.1479E-01
         13         13 0.4119E+01 0.5524E-08 0.3065E-02 0.7162E-05 0.2153E-07 0.1661E-08 0.8230E-31 0.1429E-01
         14         14 0.4474E+01 0.5520E-08 0.3064E-02 0.5229E-05 0.2151E-07 0.1659E-08 0.8228E-31 0.1382E-01
         15         15 0.4769E+01 0.5518E-08 0.3062E-02 0.3721E-05 0.2150E-07 0.1658E-08 0.8114E-31 0.1336E-01
         16         16 0.5041E+01 0.5516E-08 0.3061E-02 0.2632E-05 0.2150E-07 0.1658E-08 0.8064E-31 0.1292E-01
         17         17 0.5354E+01 0.5515E-08 0.3060E-02 0.1898E-05 0.2149E-07 0.1656E-08 0.8100E-31 0.1251E-01
         18         18 0.5617E+01 0.5512E-08 0.3059E-02 0.1434E-05 0.2148E-07 0.1654E-08 0.7931E-31 0.1212E-01
         19         19 0.5886E+01 0.5508E-08 0.3058E-02 0.1157E-05 0.2147E-07 0.1652E-08 0.7907E-31 0.1176E-01
         20         20 0.6165E+01 0.5503E-08 0.3058E-02 0.9947E-06 0.2145E-07 0.1650E-08 0.7897E-31 0.1143E-01
         21         21 0.6446E+01 0.5495E-08 0.3057E-02 0.8836E-06 0.2142E-07 0.1646E-08 0.7745E-31 0.1114E-01
         22         22 0.6712E+01 0.5486E-08 0.3056E-02 0.7995E-06 0.2138E-07 0.1644E-08 0.7700E-31 0.1089E-01
         23         23 0.6991E+01 0.5476E-08 0.3056E-02 0.7271E-06 0.2134E-07 0.1641E-08 0.7648E-31 0.1068E-01
         24         24 0.7254E+01 0.5465E-08 0.3055E-02 0.6576E-06 0.2130E-07 0.1639E-08 0.7734E-31 0.1049E-01
         25         25 0.7531E+01 0.5453E-08 0.3055E-02 0.5873E-06 0.2125E-07 0.1636E-08 0.7778E-31 0.1034E-01
         26         26 0.7808E+01 0.5441E-08 0.3055E-02 0.5154E-06 0.2120E-07 0.1633E-08 0.7760E-31 0.1021E-01
         27         27 0.8076E+01 0.5430E-08 0.3054E-02 0.4557E-06 0.2116E-07 0.1630E-08 0.7733E-31 0.1010E-01
         28         28 0.8355E+01 0.5420E-08 0.3054E-02 0.3998E-06 0.2112E-07 0.1628E-08 0.7693E-31 0.1001E-01
         29         29 0.8625E+01 0.5412E-08 0.3054E-02 0.3456E-06 0.2109E-07 0.1627E-08 0.7783E-31 0.9933E-02
         30         30 0.8900E+01 0.5407E-08 0.3054E-02 0.2937E-06 0.2107E-07 0.1628E-08 0.7647E-31 0.9868E-02
         31         31 0.9164E+01 0.5403E-08 0.3053E-02 0.2454E-06 0.2105E-07 0.1631E-08 0.7573E-31 0.9811E-02
         32         32 0.9425E+01 0.5402E-08 0.3053E-02 0.2012E-06 0.2104E-07 0.1635E-08 0.7552E-31 0.9761E-02
         33         33 0.9697E+01 0.5403E-08 0.3053E-02 0.1616E-06 0.2104E-07 0.1640E-08 0.7606E-31 0.9717E-02
         34         34 0.9968E+01 0.5406E-08 0.3053E-02 0.1266E-06 0.2105E-07 0.1645E-08 0.7538E-31 0.9676E-02
         35         35 0.1024E+02 0.5410E-08 0.3053E-02 0.9621E-07 0.2107E-07 0.1651E-08 0.7552E-31 0.9636E-02
         36         36 0.1055E+02 0.5417E-08 0.3053E-02 0.7011E-07 0.2109E-07 0.1657E-08 0.7694E-31 0.9597E-02
         37         37 0.1083E+02 0.5424E-08 0.3053E-02 0.4788E-07 0.2112E-07 0.1663E-08 0.7515E-31 0.9560E-02
         38         38 0.1109E+02 0.5433E-08 0.3053E-02 0.2913E-07 0.2115E-07 0.1668E-08 0.7526E-31 0.9522E-02
         39         39 0.1136E+02 0.5442E-08 0.3053E-02 0.1335E-07 0.2118E-07 0.1674E-08 0.7642E-31 0.9485E-02
         40         40 0.1162E+02 0.5452E-08 0.3053E-02 0.1027E-09 0.2122E-07 0.1678E-08 0.7593E-31 0.9448E-02
         41         41 0.1192E+02 0.5461E-08 0.3053E-02 0.1097E-07 0.2125E-07 0.1682E-08 0.7794E-31 0.9412E-02
         42         42 0.1219E+02 0.5470E-08 0.3053E-02 0.2021E-07 0.2129E-07 0.1686E-08 0.7522E-31 0.9378E-02
         43         43 0.1245E+02 0.5479E-08 0.3053E-02 0.2789E-07 0.2132E-07 0.1689E-08 0.7601E-31 0.9345E-02
         44         44 0.1282E+02 0.5487E-08 0.3053E-02 0.3423E-07 0.2135E-07 0.1691E-08 0.7483E-31 0.9315E-02
         45         45 0.1317E+02 0.5495E-08 0.3053E-02 0.3942E-07 0.2138E-07 0.1693E-08 0.7601E-31 0.9288E-02
         46         46 0.1359E+02 0.5501E-08 0.3054E-02 0.4362E-07 0.2141E-07 0.1694E-08 0.7585E-31 0.9264E-02
         47         47 0.1408E+02 0.5507E-08 0.3054E-02 0.4697E-07 0.2143E-07 0.1694E-08 0.7509E-31 0.9245E-02
         48         48 0.1446E+02 0.5512E-08 0.3054E-02 0.4958E-07 0.2145E-07 0.1695E-08 0.7574E-31 0.9230E-02
         49         49 0.1515E+02 0.5516E-08 0.3054E-02 0.5156E-07 0.2147E-07 0.1695E-08 0.7572E-31 0.9221E-02
         50         50 0.1542E+02 0.5519E-08 0.3054E-02 0.5298E-07 0.2148E-07 0.1694E-08 0.7594E-31 0.9217E-02
         51         51 0.1569E+02 0.5522E-08 0.3054E-02 0.5392E-07 0.2149E-07 0.1694E-08 0.7582E-31 0.9218E-02
         52         52 0.1598E+02 0.5524E-08 0.3054E-02 0.5445E-07 0.2150E-07 0.1693E-08 0.7425E-31 0.9225E-02
         53         53 0.1624E+02 0.5525E-08 0.3054E-02 0.5460E-07 0.2151E-07 0.1692E-08 0.7503E-31 0.9237E-02
         54         54 0.1650E+02 0.5525E-08 0.3054E-02 0.5445E-07 0.2151E-07 0.1691E-08 0.7454E-31 0.9255E-02
         55         55 0.1682E+02 0.5526E-08 0.3054E-02 0.5401E-07 0.2151E-07 0.1689E-08 0.7527E-31 0.9278E-02
         56         56 0.1711E+02 0.5526E-08 0.3054E-02 0.5332E-07 0.2151E-07 0.1688E-08 0.7497E-31 0.9306E-02
         57         57 0.1737E+02 0.5525E-08 0.3054E-02 0.5242E-07 0.2151E-07 0.1687E-08 0.7507E-31 0.9339E-02
         58         58 0.1763E+02 0.5524E-08 0.3054E-02 0.5133E-07 0.2151E-07 0.1686E-08 0.7480E-31 0.9375E-02
         59         59 0.1791E+02 0.5524E-08 0.3054E-02 0.5009E-07 0.2151E-07 0.1685E-08 0.7452E-31 0.9416E-02
         60         60 0.1817E+02 0.5522E-08 0.3054E-02 0.4873E-07 0.2150E-07 0.1684E-08 0.7480E-31 0.9459E-02
         61         61 0.1843E+02 0.5521E-08 0.3054E-02 0.4727E-07 0.2150E-07 0.1683E-08 0.7478E-31 0.9505E-02
         62         62 0.1870E+02 0.5520E-08 0.3054E-02 0.4574E-07 0.2150E-07 0.1682E-08 0.7588E-31 0.9552E-02
         63         63 0.1901E+02 0.5519E-08 0.3054E-02 0.4416E-07 0.2149E-07 0.1681E-08 0.7521E-31 0.9601E-02
         64         64 0.1927E+02 0.5517E-08 0.3054E-02 0.4255E-07 0.2149E-07 0.1680E-08 0.7402E-31 0.9651E-02
         65         65 0.1954E+02 0.5516E-08 0.3054E-02 0.4093E-07 0.2148E-07 0.1679E-08 0.7458E-31 0.9700E-02
         66         66 0.1981E+02 0.5514E-08 0.3054E-02 0.3930E-07 0.2148E-07 0.1679E-08 0.7441E-31 0.9750E-02
         67         67 0.2009E+02 0.5513E-08 0.3054E-02 0.3769E-07 0.2147E-07 0.1678E-08 0.7488E-31 0.9798E-02
         68         68 0.2036E+02 0.5512E-08 0.3055E-02 0.3610E-07 0.2146E-07 0.1677E-08 0.7438E-31 0.9846E-02
         69         69 0.2062E+02 0.5510E-08 0.3055E-02 0.3456E-07 0.2146E-07 0.1677E-08 0.7394E-31 0.9892E-02
         70         70 0.2090E+02 0.5509E-08 0.3055E-02 0.3306E-07 0.2145E-07 0.1676E-08 0.7388E-31 0.9936E-02
         71         71 0.2120E+02 0.5508E-08 0.3055E-02 0.3160E-07 0.2145E-07 0.1675E-08 0.7419E-31 0.9978E-02
         72         72 0.2147E+02 0.5507E-08 0.3055E-02 0.3019E-07 0.2145E-07 0.1675E-08 0.7494E-31 0.1002E-01
         73         73 0.2174E+02 0.5505E-08 0.3055E-02 0.2882E-07 0.2144E-07 0.1674E-08 0.7433E-31 0.1005E-01
         74         74 0.2202E+02 0.5504E-08 0.3055E-02 0.2751E-07 0.2144E-07 0.1674E-08 0.7432E-31 0.1009E-01
         75         75 0.2228E+02 0.5503E-08 0.3055E-02 0.2624E-07 0.2143E-07 0.1674E-08 0.7507E-31 0.1012E-01
         76         76 0.2255E+02 0.5502E-08 0.3055E-02 0.2502E-07 0.2143E-07 0.1673E-08 0.7471E-31 0.1015E-01
         77         77 0.2282E+02 0.5501E-08 0.3055E-02 0.2384E-07 0.2142E-07 0.1673E-08 0.7410E-31 0.1018E-01
         78         78 0.2309E+02 0.5500E-08 0.3055E-02 0.2272E-07 0.2142E-07 0.1673E-08 0.7499E-31 0.1020E-01
         79         79 0.2338E+02 0.5499E-08 0.3055E-02 0.2164E-07 0.2142E-07 0.1672E-08 0.7498E-31 0.1022E-01
         80         80 0.2364E+02 0.5499E-08 0.3055E-02 0.2061E-07 0.2141E-07 0.1672E-08 0.7580E-31 0.1024E-01
         81         81 0.2392E+02 0.5498E-08 0.3055E-02 0.1963E-07 0.2141E-07 0.1672E-08 0.7544E-31 0.1026E-01
         82         82 0.2419E+02 0.5497E-08 0.3055E-02 0.1868E-07 0.2141E-07 0.1672E-08 0.7391E-31 0.1027E-01
         83         83 0.2446E+02 0.5496E-08 0.3055E-02 0.1777E-07 0.2141E-07 0.1671E-08 0.7469E-31 0.1028E-01
         84         84 0.2474E+02 0.5496E-08 0.3055E-02 0.1690E-07 0.2140E-07 0.1671E-08 0.7513E-31 0.1029E-01
         85         85 0.2501E+02 0.5495E-08 0.3055E-02 0.1607E-07 0.2140E-07 0.1671E-08 0.7436E-31 0.1030E-01
         86         86 0.2528E+02 0.5494E-08 0.3055E-02 0.1526E-07 0.2140E-07 0.1671E-08 0.7417E-31 0.1031E-01
         87         87 0.2555E+02 0.5494E-08 0.3055E-02 0.1449E-07 0.2140E-07 0.1671E-08 0.7473E-31 0.1032E-01
         88         88 0.2582E+02 0.5493E-08 0.3055E-02 0.1375E-07 0.2139E-07 0.1671E-08 0.7392E-31 0.1032E-01
         89         89 0.2610E+02 0.5493E-08 0.3055E-02 0.1304E-07 0.2139E-07 0.1671E-08 0.7417E-31 0.1032E-01
         90         90 0.2637E+02 0.5492E-08 0.3055E-02 0.1236E-07 0.2139E-07 0.1670E-08 0.7352E-31 0.1032E-01
         91         91 0.2663E+02 0.5492E-08 0.3055E-02 0.1169E-07 0.2139E-07 0.1670E-08 0.7395E-31 0.1033E-01
         92         92 0.2691E+02 0.5491E-08 0.3055E-02 0.1107E-07 0.2139E-07 0.1670E-08 0.7439E-31 0.1033E-01
         93         93 0.2718E+02 0.5491E-08 0.3055E-02 0.1045E-07 0.2138E-07 0.1670E-08 0.7539E-31 0.1033E-01
         94         94 0.2744E+02 0.5490E-08 0.3055E-02 0.9869E-08 0.2138E-07 0.1670E-08 0.7326E-31 0.1033E-01
         95         95 0.2775E+02 0.5490E-08 0.3055E-02 0.9306E-08 0.2138E-07 0.1670E-08 0.7463E-31 0.1032E-01
         96         96 0.2804E+02 0.5490E-08 0.3055E-02 0.8765E-08 0.2138E-07 0.1670E-08 0.7389E-31 0.1032E-01
         97         97 0.2830E+02 0.5489E-08 0.3055E-02 0.8246E-08 0.2138E-07 0.1670E-08 0.7432E-31 0.1032E-01
         98         98 0.2857E+02 0.5489E-08 0.3055E-02 0.7745E-08 0.2138E-07 0.1670E-08 0.7376E-31 0.1032E-01
         99         99 0.2885E+02 0.5488E-08 0.3055E-02 0.7270E-08 0.2137E-07 0.1670E-08 0.7517E-31 0.1032E-01
        100        100 0.2911E+02 0.5488E-08 0.3055E-02 0.6810E-08 0.2137E-07 0.1670E-08 0.7340E-31 0.1031E-01
        101        101 0.2939E+02 0.5488E-08 0.3055E-02 0.6373E-08 0.2137E-07 0.1670E-08 0.7444E-31 0.1031E-01
        102        102 0.2970E+02 0.5487E-08 0.3055E-02 0.5953E-08 0.2137E-07 0.1669E-08 0.7375E-31 0.1031E-01
        103        103 0.2996E+02 0.5487E-08 0.3055E-02 0.5554E-08 0.2137E-07 0.1669E-08 0.7451E-31 0.1030E-01
        104        104 0.3023E+02 0.5487E-08 0.3055E-02 0.5173E-08 0.2137E-07 0.1669E-08 0.7426E-31 0.1030E-01
        105        105 0.3051E+02 0.5486E-08 0.3055E-02 0.4807E-08 0.2137E-07 0.1669E-08 0.7515E-31 0.1030E-01
        106        106 0.3079E+02 0.5486E-08 0.3055E-02 0.4461E-08 0.2137E-07 0.1669E-08 0.7312E-31 0.1029E-01
        107        107 0.3106E+02 0.5486E-08 0.3055E-02 0.4131E-08 0.2136E-07 0.1669E-08 0.7399E-31 0.1029E-01
        108        108 0.3133E+02 0.5486E-08 0.3055E-02 0.3821E-08 0.2136E-07 0.1669E-08 0.7486E-31 0.1029E-01
        109        109 0.3160E+02 0.5485E-08 0.3055E-02 0.3524E-08 0.2136E-07 0.1669E-08 0.7397E-31 0.1028E-01
        110        110 0.3189E+02 0.5485E-08 0.3055E-02 0.3247E-08 0.2136E-07 0.1669E-08 0.7316E-31 0.1028E-01
        111        111 0.3215E+02 0.5485E-08 0.3055E-02 0.2985E-08 0.2136E-07 0.1669E-08 0.7394E-31 0.1028E-01
        112        112 0.3242E+02 0.5484E-08 0.3055E-02 0.2738E-08 0.2136E-07 0.1669E-08 0.7311E-31 0.1027E-01
        113        113 0.3268E+02 0.5484E-08 0.3055E-02 0.2507E-08 0.2136E-07 0.1669E-08 0.7415E-31 0.1027E-01
        114        114 0.3295E+02 0.5484E-08 0.3055E-02 0.2288E-08 0.2136E-07 0.1669E-08 0.7361E-31 0.1027E-01
        115        115 0.3322E+02 0.5484E-08 0.3055E-02 0.2086E-08 0.2136E-07 0.1669E-08 0.7368E-31 0.1026E-01
        116        116 0.3348E+02 0.5483E-08 0.3055E-02 0.1894E-08 0.2135E-07 0.1669E-08 0.7473E-31 0.1026E-01
        117        117 0.3375E+02 0.5483E-08 0.3055E-02 0.1716E-08 0.2135E-07 0.1669E-08 0.7395E-31 0.1026E-01
        118        118 0.3408E+02 0.5483E-08 0.3055E-02 0.1551E-08 0.2135E-07 0.1669E-08 0.7306E-31 0.1026E-01
        119        119 0.3434E+02 0.5483E-08 0.3055E-02 0.1396E-08 0.2135E-07 0.1669E-08 0.7427E-31 0.1025E-01
        120        120 0.3461E+02 0.5483E-08 0.3055E-02 0.1254E-08 0.2135E-07 0.1669E-08 0.7449E-31 0.1025E-01
