#  1  time step                
#  0  Newton iteration         
#  1  CPU time                 
#  1  overall residual drop    
#  1  total beta drop          
#  1  change in total beta drop
#  1  alpha residual drop      
#  1  momentum residual drop   
#  1  drop diameter residual   
#  1  droplet mass deficit %   
          1          1 0.4012E+00 0.5799E-07 0.3291E-02 0.7168E-06 0.1989E-06 0.3980E-07 0.3485E-30 0.2075E-01
          2          2 0.7419E+00 0.1013E-07 0.3282E-02 0.2235E-05 0.3736E-07 0.5226E-08 0.1100E-30 0.2207E-01
          3          3 0.1346E+01 0.4318E-08 0.3270E-02 0.4303E-05 0.1609E-07 0.2089E-08 0.9650E-31 0.2182E-01
          4          4 0.1687E+01 0.3565E-08 0.3256E-02 0.6675E-05 0.1352E-07 0.1516E-08 0.9148E-31 0.2093E-01
          5          5 0.2048E+01 0.3483E-08 0.3241E-02 0.9135E-05 0.1333E-07 0.1357E-08 0.8786E-31 0.1977E-01
          6          6 0.2504E+01 0.3449E-08 0.3227E-02 0.1152E-04 0.1326E-07 0.1273E-08 0.8447E-31 0.1853E-01
          7          7 0.2851E+01 0.3421E-08 0.3214E-02 0.1299E-04 0.1319E-07 0.1213E-08 0.8128E-31 0.1731E-01
          8          8 0.3197E+01 0.3408E-08 0.3202E-02 0.1339E-04 0.1317E-07 0.1173E-08 0.8315E-31 0.1616E-01
          9          9 0.3544E+01 0.3402E-08 0.3192E-02 0.1291E-04 0.1317E-07 0.1143E-08 0.8059E-31 0.1511E-01
         10         10 0.4019E+01 0.3400E-08 0.3185E-02 0.1182E-04 0.1318E-07 0.1119E-08 0.8029E-31 0.1418E-01
         11         11 0.4385E+01 0.3399E-08 0.3179E-02 0.1033E-04 0.1319E-07 0.1100E-08 0.7905E-31 0.1337E-01
         12         12 0.4728E+01 0.3401E-08 0.3175E-02 0.8655E-05 0.1321E-07 0.1088E-08 0.7737E-31 0.1266E-01
         13         13 0.5080E+01 0.3405E-08 0.3172E-02 0.6968E-05 0.1322E-07 0.1088E-08 0.7742E-31 0.1204E-01
         14         14 0.5438E+01 0.3409E-08 0.3170E-02 0.5393E-05 0.1324E-07 0.1091E-08 0.7676E-31 0.1149E-01
         15         15 0.5778E+01 0.3415E-08 0.3168E-02 0.4016E-05 0.1326E-07 0.1096E-08 0.7785E-31 0.1099E-01
         16         16 0.6127E+01 0.3424E-08 0.3168E-02 0.2877E-05 0.1329E-07 0.1103E-08 0.7863E-31 0.1053E-01
         17         17 0.6547E+01 0.3434E-08 0.3167E-02 0.1976E-05 0.1333E-07 0.1114E-08 0.7694E-31 0.1010E-01
         18         18 0.6901E+01 0.3448E-08 0.3167E-02 0.1289E-05 0.1337E-07 0.1127E-08 0.7553E-31 0.9691E-02
         19         19 0.7255E+01 0.3463E-08 0.3167E-02 0.7773E-06 0.1342E-07 0.1142E-08 0.7489E-31 0.9302E-02
         20         20 0.7596E+01 0.3481E-08 0.3167E-02 0.4027E-06 0.1349E-07 0.1157E-08 0.7629E-31 0.8928E-02
         21         21 0.7959E+01 0.3501E-08 0.3168E-02 0.1290E-06 0.1356E-07 0.1171E-08 0.7404E-31 0.8568E-02
         22         22 0.8302E+01 0.3522E-08 0.3168E-02 0.7132E-07 0.1364E-07 0.1181E-08 0.7566E-31 0.8224E-02
         23         23 0.8687E+01 0.3544E-08 0.3168E-02 0.2173E-06 0.1372E-07 0.1189E-08 0.7370E-31 0.7894E-02
         24         24 0.9042E+01 0.3566E-08 0.3169E-02 0.3227E-06 0.1380E-07 0.1195E-08 0.7468E-31 0.7579E-02
         25         25 0.9388E+01 0.3587E-08 0.3169E-02 0.3988E-06 0.1389E-07 0.1197E-08 0.7481E-31 0.7282E-02
         26         26 0.9730E+01 0.3607E-08 0.3170E-02 0.4511E-06 0.1397E-07 0.1197E-08 0.7356E-31 0.7003E-02
         27         27 0.1008E+02 0.3626E-08 0.3170E-02 0.4844E-06 0.1405E-07 0.1196E-08 0.7476E-31 0.6743E-02
         28         28 0.1043E+02 0.3643E-08 0.3171E-02 0.5027E-06 0.1413E-07 0.1192E-08 0.7450E-31 0.6504E-02
         29         29 0.1079E+02 0.3658E-08 0.3171E-02 0.5093E-06 0.1419E-07 0.1187E-08 0.7446E-31 0.6285E-02
         30         30 0.1114E+02 0.3671E-08 0.3172E-02 0.5067E-06 0.1425E-07 0.1181E-08 0.7309E-31 0.6087E-02
         31         31 0.1148E+02 0.3682E-08 0.3172E-02 0.4962E-06 0.1430E-07 0.1175E-08 0.7385E-31 0.5911E-02
         32         32 0.1182E+02 0.3692E-08 0.3173E-02 0.4810E-06 0.1434E-07 0.1170E-08 0.7347E-31 0.5757E-02
         33         33 0.1217E+02 0.3698E-08 0.3173E-02 0.4624E-06 0.1437E-07 0.1166E-08 0.7244E-31 0.5624E-02
         34         34 0.1251E+02 0.3701E-08 0.3174E-02 0.4416E-06 0.1439E-07 0.1163E-08 0.7326E-31 0.5512E-02
         35         35 0.1288E+02 0.3700E-08 0.3174E-02 0.4197E-06 0.1439E-07 0.1157E-08 0.7299E-31 0.5419E-02
         36         36 0.1323E+02 0.3698E-08 0.3174E-02 0.3973E-06 0.1438E-07 0.1151E-08 0.7307E-31 0.5346E-02
         37         37 0.1357E+02 0.3693E-08 0.3175E-02 0.3749E-06 0.1437E-07 0.1144E-08 0.7298E-31 0.5292E-02
         38         38 0.1396E+02 0.3687E-08 0.3175E-02 0.3524E-06 0.1435E-07 0.1140E-08 0.7249E-31 0.5255E-02
         39         39 0.1431E+02 0.3680E-08 0.3175E-02 0.3309E-06 0.1432E-07 0.1135E-08 0.7356E-31 0.5234E-02
         40         40 0.1465E+02 0.3672E-08 0.3176E-02 0.3106E-06 0.1429E-07 0.1130E-08 0.7485E-31 0.5229E-02
         41         41 0.1506E+02 0.3662E-08 0.3176E-02 0.2917E-06 0.1426E-07 0.1123E-08 0.7377E-31 0.5237E-02
         42         42 0.1540E+02 0.3652E-08 0.3176E-02 0.2740E-06 0.1422E-07 0.1115E-08 0.7245E-31 0.5259E-02
         43         43 0.1574E+02 0.3641E-08 0.3176E-02 0.2577E-06 0.1418E-07 0.1108E-08 0.7355E-31 0.5292E-02
         44         44 0.1609E+02 0.3630E-08 0.3176E-02 0.2426E-06 0.1414E-07 0.1101E-08 0.7269E-31 0.5335E-02
         45         45 0.1643E+02 0.3618E-08 0.3177E-02 0.2287E-06 0.1410E-07 0.1093E-08 0.7305E-31 0.5387E-02
         46         46 0.1677E+02 0.3606E-08 0.3177E-02 0.2159E-06 0.1405E-07 0.1085E-08 0.7230E-31 0.5446E-02
         47         47 0.1714E+02 0.3594E-08 0.3177E-02 0.2042E-06 0.1401E-07 0.1076E-08 0.7320E-31 0.5510E-02
         48         48 0.1748E+02 0.3582E-08 0.3177E-02 0.1934E-06 0.1396E-07 0.1068E-08 0.7167E-31 0.5579E-02
         49         49 0.1784E+02 0.3570E-08 0.3177E-02 0.1836E-06 0.1392E-07 0.1061E-08 0.7279E-31 0.5650E-02
         50         50 0.1819E+02 0.3560E-08 0.3177E-02 0.1745E-06 0.1388E-07 0.1055E-08 0.7141E-31 0.5723E-02
         51         51 0.1854E+02 0.3550E-08 0.3178E-02 0.1662E-06 0.1385E-07 0.1049E-08 0.7286E-31 0.5796E-02
         52         52 0.1891E+02 0.3543E-08 0.3178E-02 0.1586E-06 0.1382E-07 0.1045E-08 0.7214E-31 0.5866E-02
         53         53 0.1936E+02 0.3536E-08 0.3178E-02 0.1515E-06 0.1380E-07 0.1042E-08 0.7375E-31 0.5934E-02
         54         54 0.1972E+02 0.3532E-08 0.3178E-02 0.1449E-06 0.1378E-07 0.1039E-08 0.7203E-31 0.5998E-02
         55         55 0.2006E+02 0.3528E-08 0.3178E-02 0.1388E-06 0.1377E-07 0.1038E-08 0.7270E-31 0.6056E-02
         56         56 0.2041E+02 0.3526E-08 0.3178E-02 0.1331E-06 0.1376E-07 0.1037E-08 0.7210E-31 0.6108E-02
         57         57 0.2076E+02 0.3526E-08 0.3178E-02 0.1277E-06 0.1376E-07 0.1037E-08 0.7185E-31 0.6152E-02
         58         58 0.2112E+02 0.3527E-08 0.3178E-02 0.1227E-06 0.1376E-07 0.1040E-08 0.7278E-31 0.6189E-02
         59         59 0.2151E+02 0.3530E-08 0.3179E-02 0.1180E-06 0.1377E-07 0.1044E-08 0.7340E-31 0.6217E-02
         60         60 0.2185E+02 0.3534E-08 0.3179E-02 0.1137E-06 0.1378E-07 0.1050E-08 0.7206E-31 0.6237E-02
         61         61 0.2220E+02 0.3541E-08 0.3179E-02 0.1095E-06 0.1380E-07 0.1056E-08 0.7307E-31 0.6248E-02
         62         62 0.2254E+02 0.3549E-08 0.3179E-02 0.1056E-06 0.1383E-07 0.1064E-08 0.7190E-31 0.6250E-02
         63         63 0.2289E+02 0.3559E-08 0.3179E-02 0.1020E-06 0.1387E-07 0.1071E-08 0.7311E-31 0.6244E-02
         64         64 0.2326E+02 0.3570E-08 0.3179E-02 0.9845E-07 0.1391E-07 0.1079E-08 0.7278E-31 0.6229E-02
         65         65 0.2362E+02 0.3583E-08 0.3179E-02 0.9511E-07 0.1396E-07 0.1086E-08 0.7335E-31 0.6207E-02
         66         66 0.2399E+02 0.3597E-08 0.3179E-02 0.9193E-07 0.1401E-07 0.1094E-08 0.7162E-31 0.6177E-02
         67         67 0.2434E+02 0.3611E-08 0.3179E-02 0.8889E-07 0.1406E-07 0.1100E-08 0.7328E-31 0.6141E-02
         68         68 0.2474E+02 0.3626E-08 0.3179E-02 0.8601E-07 0.1412E-07 0.1106E-08 0.7200E-31 0.6099E-02
         69         69 0.2517E+02 0.3640E-08 0.3179E-02 0.8326E-07 0.1417E-07 0.1111E-08 0.7343E-31 0.6052E-02
         70         70 0.2551E+02 0.3655E-08 0.3180E-02 0.8064E-07 0.1423E-07 0.1115E-08 0.7268E-31 0.6001E-02
         71         71 0.2589E+02 0.3669E-08 0.3180E-02 0.7812E-07 0.1429E-07 0.1119E-08 0.7343E-31 0.5947E-02
         72         72 0.2628E+02 0.3682E-08 0.3180E-02 0.7570E-07 0.1434E-07 0.1121E-08 0.7291E-31 0.5891E-02
         73         73 0.2663E+02 0.3695E-08 0.3180E-02 0.7335E-07 0.1439E-07 0.1124E-08 0.7377E-31 0.5834E-02
         74         74 0.2699E+02 0.3707E-08 0.3180E-02 0.7107E-07 0.1444E-07 0.1126E-08 0.7254E-31 0.5777E-02
         75         75 0.2734E+02 0.3716E-08 0.3180E-02 0.6887E-07 0.1448E-07 0.1127E-08 0.7361E-31 0.5722E-02
         76         76 0.2769E+02 0.3725E-08 0.3180E-02 0.6672E-07 0.1451E-07 0.1127E-08 0.7414E-31 0.5668E-02
         77         77 0.2805E+02 0.3732E-08 0.3180E-02 0.6464E-07 0.1454E-07 0.1127E-08 0.7366E-31 0.5619E-02
         78         78 0.2841E+02 0.3738E-08 0.3180E-02 0.6263E-07 0.1456E-07 0.1126E-08 0.7266E-31 0.5573E-02
         79         79 0.2877E+02 0.3743E-08 0.3180E-02 0.6067E-07 0.1458E-07 0.1125E-08 0.7291E-31 0.5533E-02
         80         80 0.2912E+02 0.3746E-08 0.3180E-02 0.5874E-07 0.1460E-07 0.1124E-08 0.7186E-31 0.5498E-02
         81         81 0.2949E+02 0.3749E-08 0.3180E-02 0.5686E-07 0.1461E-07 0.1122E-08 0.7259E-31 0.5470E-02
         82         82 0.2992E+02 0.3751E-08 0.3180E-02 0.5502E-07 0.1462E-07 0.1120E-08 0.7340E-31 0.5449E-02
         83         83 0.3026E+02 0.3752E-08 0.3180E-02 0.5320E-07 0.1463E-07 0.1118E-08 0.7312E-31 0.5435E-02
         84         84 0.3061E+02 0.3753E-08 0.3180E-02 0.5140E-07 0.1463E-07 0.1116E-08 0.7235E-31 0.5429E-02
         85         85 0.3097E+02 0.3752E-08 0.3180E-02 0.4965E-07 0.1463E-07 0.1114E-08 0.7317E-31 0.5430E-02
         86         86 0.3131E+02 0.3752E-08 0.3180E-02 0.4794E-07 0.1463E-07 0.1112E-08 0.7119E-31 0.5439E-02
         87         87 0.3168E+02 0.3751E-08 0.3181E-02 0.4628E-07 0.1463E-07 0.1109E-08 0.7320E-31 0.5455E-02
         88         88 0.3207E+02 0.3749E-08 0.3181E-02 0.4466E-07 0.1462E-07 0.1108E-08 0.7250E-31 0.5478E-02
         89         89 0.3242E+02 0.3747E-08 0.3181E-02 0.4309E-07 0.1462E-07 0.1105E-08 0.7344E-31 0.5508E-02
         90         90 0.3279E+02 0.3745E-08 0.3181E-02 0.4157E-07 0.1461E-07 0.1103E-08 0.7175E-31 0.5544E-02
         91         91 0.3313E+02 0.3743E-08 0.3181E-02 0.4008E-07 0.1460E-07 0.1102E-08 0.7328E-31 0.5585E-02
         92         92 0.3348E+02 0.3740E-08 0.3181E-02 0.3864E-07 0.1459E-07 0.1101E-08 0.7172E-31 0.5631E-02
         93         93 0.3384E+02 0.3737E-08 0.3181E-02 0.3721E-07 0.1458E-07 0.1099E-08 0.7318E-31 0.5681E-02
         94         94 0.3422E+02 0.3735E-08 0.3181E-02 0.3583E-07 0.1457E-07 0.1098E-08 0.7261E-31 0.5734E-02
         95         95 0.3458E+02 0.3732E-08 0.3181E-02 0.3447E-07 0.1456E-07 0.1097E-08 0.7267E-31 0.5791E-02
         96         96 0.3494E+02 0.3729E-08 0.3181E-02 0.3314E-07 0.1455E-07 0.1095E-08 0.7155E-31 0.5850E-02
         97         97 0.3537E+02 0.3727E-08 0.3181E-02 0.3184E-07 0.1454E-07 0.1094E-08 0.7299E-31 0.5910E-02
         98         98 0.3571E+02 0.3724E-08 0.3181E-02 0.3056E-07 0.1453E-07 0.1093E-08 0.7150E-31 0.5971E-02
         99         99 0.3606E+02 0.3722E-08 0.3181E-02 0.2931E-07 0.1452E-07 0.1092E-08 0.7382E-31 0.6033E-02
        100        100 0.3644E+02 0.3719E-08 0.3181E-02 0.2809E-07 0.1451E-07 0.1090E-08 0.7320E-31 0.6094E-02
        101        101 0.3678E+02 0.3717E-08 0.3181E-02 0.2690E-07 0.1450E-07 0.1089E-08 0.7387E-31 0.6156E-02
        102        102 0.3715E+02 0.3714E-08 0.3181E-02 0.2574E-07 0.1449E-07 0.1088E-08 0.7165E-31 0.6216E-02
        103        103 0.3750E+02 0.3712E-08 0.3181E-02 0.2462E-07 0.1449E-07 0.1087E-08 0.7249E-31 0.6276E-02
        104        104 0.3785E+02 0.3710E-08 0.3181E-02 0.2353E-07 0.1448E-07 0.1086E-08 0.7186E-31 0.6333E-02
        105        105 0.3819E+02 0.3708E-08 0.3181E-02 0.2249E-07 0.1447E-07 0.1085E-08 0.7282E-31 0.6389E-02
        106        106 0.3860E+02 0.3706E-08 0.3181E-02 0.2147E-07 0.1446E-07 0.1084E-08 0.7270E-31 0.6441E-02
        107        107 0.3896E+02 0.3704E-08 0.3181E-02 0.2050E-07 0.1445E-07 0.1084E-08 0.7306E-31 0.6492E-02
        108        108 0.3932E+02 0.3702E-08 0.3181E-02 0.1955E-07 0.1445E-07 0.1083E-08 0.7155E-31 0.6540E-02
        109        109 0.3967E+02 0.3700E-08 0.3181E-02 0.1864E-07 0.1444E-07 0.1082E-08 0.7334E-31 0.6586E-02
        110        110 0.4001E+02 0.3699E-08 0.3181E-02 0.1776E-07 0.1444E-07 0.1081E-08 0.7091E-31 0.6629E-02
        111        111 0.4035E+02 0.3697E-08 0.3181E-02 0.1691E-07 0.1443E-07 0.1081E-08 0.7239E-31 0.6669E-02
        112        112 0.4073E+02 0.3696E-08 0.3181E-02 0.1609E-07 0.1442E-07 0.1080E-08 0.7234E-31 0.6707E-02
        113        113 0.4108E+02 0.3695E-08 0.3181E-02 0.1531E-07 0.1442E-07 0.1079E-08 0.7340E-31 0.6742E-02
        114        114 0.4143E+02 0.3694E-08 0.3181E-02 0.1455E-07 0.1442E-07 0.1079E-08 0.7104E-31 0.6774E-02
        115        115 0.4178E+02 0.3693E-08 0.3181E-02 0.1383E-07 0.1441E-07 0.1078E-08 0.7264E-31 0.6804E-02
        116        116 0.4213E+02 0.3692E-08 0.3181E-02 0.1314E-07 0.1441E-07 0.1078E-08 0.7130E-31 0.6831E-02
        117        117 0.4248E+02 0.3691E-08 0.3181E-02 0.1248E-07 0.1441E-07 0.1078E-08 0.7312E-31 0.6857E-02
        118        118 0.4286E+02 0.3690E-08 0.3181E-02 0.1184E-07 0.1440E-07 0.1077E-08 0.7169E-31 0.6879E-02
        119        119 0.4321E+02 0.3689E-08 0.3181E-02 0.1124E-07 0.1440E-07 0.1077E-08 0.7318E-31 0.6900E-02
        120        120 0.4356E+02 0.3689E-08 0.3181E-02 0.1066E-07 0.1440E-07 0.1077E-08 0.7143E-31 0.6919E-02
