#  1  time step                
#  0  Newton iteration         
#  1  CPU time                 
#  1  overall residual drop    
#  1  total beta drop          
#  1  change in total beta drop
#  1  alpha residual drop      
#  1  momentum residual drop   
#  1  drop diameter residual   
#  1  droplet mass deficit %   
          1          1 0.3435E+00 0.8074E-07 0.3269E-02 0.7646E-06 0.2678E-06 0.6016E-07 0.3449E-30 0.2004E-01
          2          2 0.6358E+00 0.1759E-07 0.3258E-02 0.2547E-05 0.6361E-07 0.1003E-07 0.1085E-30 0.2178E-01
          3          3 0.1054E+01 0.8609E-08 0.3244E-02 0.4930E-05 0.3201E-07 0.4233E-08 0.9535E-31 0.2182E-01
          4          4 0.1363E+01 0.6653E-08 0.3227E-02 0.7672E-05 0.2524E-07 0.2810E-08 0.9092E-31 0.2125E-01
          5          5 0.1687E+01 0.5924E-08 0.3210E-02 0.1058E-04 0.2256E-07 0.2420E-08 0.8797E-31 0.2047E-01
          6          6 0.2100E+01 0.5576E-08 0.3192E-02 0.1346E-04 0.2121E-07 0.2299E-08 0.8336E-31 0.1965E-01
          7          7 0.2385E+01 0.5375E-08 0.3176E-02 0.1541E-04 0.2043E-07 0.2233E-08 0.8243E-31 0.1889E-01
          8          8 0.2687E+01 0.5263E-08 0.3162E-02 0.1603E-04 0.2000E-07 0.2188E-08 0.8373E-31 0.1820E-01
          9          9 0.2977E+01 0.5202E-08 0.3150E-02 0.1566E-04 0.1978E-07 0.2157E-08 0.8210E-31 0.1761E-01
         10         10 0.3269E+01 0.5173E-08 0.3140E-02 0.1452E-04 0.1967E-07 0.2136E-08 0.8327E-31 0.1708E-01
         11         11 0.3587E+01 0.5163E-08 0.3133E-02 0.1282E-04 0.1965E-07 0.2123E-08 0.8117E-31 0.1662E-01
         12         12 0.4032E+01 0.5164E-08 0.3128E-02 0.1082E-04 0.1966E-07 0.2116E-08 0.7996E-31 0.1619E-01
         13         13 0.4320E+01 0.5172E-08 0.3124E-02 0.8724E-05 0.1969E-07 0.2113E-08 0.7909E-31 0.1577E-01
         14         14 0.4610E+01 0.5180E-08 0.3121E-02 0.6733E-05 0.1973E-07 0.2113E-08 0.7776E-31 0.1537E-01
         15         15 0.4908E+01 0.5186E-08 0.3120E-02 0.4982E-05 0.1975E-07 0.2114E-08 0.7583E-31 0.1498E-01
         16         16 0.5203E+01 0.5188E-08 0.3119E-02 0.3542E-05 0.1976E-07 0.2115E-08 0.7534E-31 0.1462E-01
         17         17 0.5494E+01 0.5185E-08 0.3118E-02 0.2424E-05 0.1974E-07 0.2116E-08 0.7488E-31 0.1429E-01
         18         18 0.5802E+01 0.5177E-08 0.3118E-02 0.1597E-05 0.1971E-07 0.2116E-08 0.7481E-31 0.1399E-01
         19         19 0.6094E+01 0.5165E-08 0.3118E-02 0.1011E-05 0.1966E-07 0.2114E-08 0.7328E-31 0.1375E-01
         20         20 0.6505E+01 0.5149E-08 0.3118E-02 0.6114E-06 0.1960E-07 0.2112E-08 0.7433E-31 0.1356E-01
         21         21 0.6797E+01 0.5131E-08 0.3118E-02 0.3518E-06 0.1953E-07 0.2108E-08 0.7159E-31 0.1342E-01
         22         22 0.7089E+01 0.5113E-08 0.3118E-02 0.1889E-06 0.1945E-07 0.2104E-08 0.7289E-31 0.1332E-01
         23         23 0.7385E+01 0.5095E-08 0.3118E-02 0.9046E-07 0.1938E-07 0.2099E-08 0.7253E-31 0.1327E-01
         24         24 0.7672E+01 0.5078E-08 0.3118E-02 0.3727E-07 0.1932E-07 0.2094E-08 0.7139E-31 0.1325E-01
         25         25 0.7962E+01 0.5063E-08 0.3118E-02 0.1321E-07 0.1926E-07 0.2088E-08 0.7190E-31 0.1325E-01
         26         26 0.8273E+01 0.5051E-08 0.3118E-02 0.6757E-08 0.1921E-07 0.2083E-08 0.7154E-31 0.1328E-01
         27         27 0.8577E+01 0.5042E-08 0.3118E-02 0.9571E-08 0.1918E-07 0.2079E-08 0.7101E-31 0.1331E-01
         28         28 0.8879E+01 0.5038E-08 0.3118E-02 0.1665E-07 0.1916E-07 0.2076E-08 0.7106E-31 0.1335E-01
         29         29 0.9170E+01 0.5037E-08 0.3118E-02 0.2658E-07 0.1916E-07 0.2073E-08 0.6975E-31 0.1339E-01
         30         30 0.9456E+01 0.5040E-08 0.3118E-02 0.3493E-07 0.1918E-07 0.2071E-08 0.7054E-31 0.1343E-01
         31         31 0.9748E+01 0.5046E-08 0.3117E-02 0.4104E-07 0.1920E-07 0.2070E-08 0.7153E-31 0.1346E-01
         32         32 0.1008E+02 0.5056E-08 0.3117E-02 0.4487E-07 0.1925E-07 0.2069E-08 0.7057E-31 0.1348E-01
         33         33 0.1041E+02 0.5068E-08 0.3117E-02 0.4455E-07 0.1930E-07 0.2070E-08 0.7058E-31 0.1349E-01
         34         34 0.1069E+02 0.5084E-08 0.3117E-02 0.4250E-07 0.1936E-07 0.2071E-08 0.7061E-31 0.1349E-01
         35         35 0.1100E+02 0.5101E-08 0.3117E-02 0.3928E-07 0.1943E-07 0.2073E-08 0.7257E-31 0.1348E-01
         36         36 0.1128E+02 0.5120E-08 0.3117E-02 0.3520E-07 0.1951E-07 0.2076E-08 0.7089E-31 0.1346E-01
         37         37 0.1159E+02 0.5140E-08 0.3117E-02 0.3042E-07 0.1959E-07 0.2080E-08 0.7136E-31 0.1342E-01
         38         38 0.1190E+02 0.5160E-08 0.3117E-02 0.2527E-07 0.1967E-07 0.2084E-08 0.7215E-31 0.1338E-01
         39         39 0.1218E+02 0.5180E-08 0.3117E-02 0.2202E-07 0.1975E-07 0.2088E-08 0.7192E-31 0.1333E-01
         40         40 0.1254E+02 0.5200E-08 0.3117E-02 0.1883E-07 0.1983E-07 0.2093E-08 0.7171E-31 0.1327E-01
         41         41 0.1283E+02 0.5219E-08 0.3117E-02 0.1552E-07 0.1991E-07 0.2098E-08 0.7091E-31 0.1320E-01
         42         42 0.1312E+02 0.5238E-08 0.3117E-02 0.1234E-07 0.1998E-07 0.2102E-08 0.6972E-31 0.1314E-01
         43         43 0.1343E+02 0.5255E-08 0.3117E-02 0.9262E-08 0.2005E-07 0.2107E-08 0.7119E-31 0.1307E-01
         44         44 0.1372E+02 0.5270E-08 0.3117E-02 0.6383E-08 0.2011E-07 0.2111E-08 0.7130E-31 0.1299E-01
         45         45 0.1401E+02 0.5285E-08 0.3117E-02 0.3618E-08 0.2016E-07 0.2116E-08 0.7032E-31 0.1292E-01
         46         46 0.1431E+02 0.5297E-08 0.3117E-02 0.1007E-08 0.2021E-07 0.2119E-08 0.7038E-31 0.1285E-01
         47         47 0.1464E+02 0.5308E-08 0.3117E-02 0.1493E-08 0.2025E-07 0.2123E-08 0.7100E-31 0.1278E-01
         48         48 0.1494E+02 0.5317E-08 0.3117E-02 0.3830E-08 0.2029E-07 0.2126E-08 0.6913E-31 0.1272E-01
         49         49 0.1524E+02 0.5325E-08 0.3117E-02 0.6031E-08 0.2032E-07 0.2129E-08 0.7069E-31 0.1266E-01
         50         50 0.1552E+02 0.5332E-08 0.3117E-02 0.8048E-08 0.2035E-07 0.2131E-08 0.7059E-31 0.1260E-01
         51         51 0.1582E+02 0.5337E-08 0.3117E-02 0.9909E-08 0.2036E-07 0.2133E-08 0.7111E-31 0.1255E-01
         52         52 0.1613E+02 0.5340E-08 0.3117E-02 0.1158E-07 0.2038E-07 0.2134E-08 0.7072E-31 0.1250E-01
         53         53 0.1642E+02 0.5343E-08 0.3117E-02 0.1309E-07 0.2039E-07 0.2136E-08 0.7071E-31 0.1246E-01
         54         54 0.1678E+02 0.5344E-08 0.3117E-02 0.1442E-07 0.2039E-07 0.2137E-08 0.6980E-31 0.1243E-01
         55         55 0.1707E+02 0.5345E-08 0.3117E-02 0.1559E-07 0.2040E-07 0.2137E-08 0.7030E-31 0.1240E-01
         56         56 0.1737E+02 0.5345E-08 0.3117E-02 0.1660E-07 0.2040E-07 0.2138E-08 0.7049E-31 0.1238E-01
         57         57 0.1768E+02 0.5345E-08 0.3117E-02 0.1747E-07 0.2039E-07 0.2138E-08 0.7013E-31 0.1236E-01
         58         58 0.1797E+02 0.5343E-08 0.3117E-02 0.1820E-07 0.2039E-07 0.2138E-08 0.7022E-31 0.1235E-01
         59         59 0.1828E+02 0.5342E-08 0.3117E-02 0.1881E-07 0.2038E-07 0.2138E-08 0.7061E-31 0.1234E-01
         60         60 0.1857E+02 0.5340E-08 0.3117E-02 0.1930E-07 0.2038E-07 0.2138E-08 0.6977E-31 0.1233E-01
         61         61 0.1891E+02 0.5338E-08 0.3118E-02 0.1966E-07 0.2037E-07 0.2137E-08 0.6976E-31 0.1234E-01
         62         62 0.1921E+02 0.5336E-08 0.3118E-02 0.1990E-07 0.2036E-07 0.2137E-08 0.6978E-31 0.1234E-01
         63         63 0.1950E+02 0.5334E-08 0.3118E-02 0.2002E-07 0.2035E-07 0.2136E-08 0.7036E-31 0.1235E-01
         64         64 0.1980E+02 0.5331E-08 0.3118E-02 0.2003E-07 0.2034E-07 0.2136E-08 0.7001E-31 0.1236E-01
         65         65 0.2014E+02 0.5329E-08 0.3118E-02 0.1992E-07 0.2033E-07 0.2135E-08 0.7038E-31 0.1238E-01
         66         66 0.2043E+02 0.5327E-08 0.3118E-02 0.1972E-07 0.2032E-07 0.2135E-08 0.7028E-31 0.1239E-01
         67         67 0.2073E+02 0.5325E-08 0.3118E-02 0.1944E-07 0.2031E-07 0.2134E-08 0.6996E-31 0.1241E-01
         68         68 0.2105E+02 0.5323E-08 0.3118E-02 0.1910E-07 0.2031E-07 0.2134E-08 0.7165E-31 0.1243E-01
         69         69 0.2134E+02 0.5321E-08 0.3118E-02 0.1872E-07 0.2030E-07 0.2133E-08 0.6945E-31 0.1245E-01
         70         70 0.2163E+02 0.5319E-08 0.3118E-02 0.1829E-07 0.2029E-07 0.2133E-08 0.6992E-31 0.1247E-01
         71         71 0.2193E+02 0.5317E-08 0.3118E-02 0.1784E-07 0.2028E-07 0.2132E-08 0.7093E-31 0.1249E-01
         72         72 0.2222E+02 0.5316E-08 0.3118E-02 0.1736E-07 0.2028E-07 0.2132E-08 0.7043E-31 0.1251E-01
         73         73 0.2251E+02 0.5314E-08 0.3118E-02 0.1686E-07 0.2027E-07 0.2132E-08 0.7025E-31 0.1253E-01
         74         74 0.2280E+02 0.5313E-08 0.3118E-02 0.1635E-07 0.2027E-07 0.2131E-08 0.7118E-31 0.1255E-01
         75         75 0.2309E+02 0.5312E-08 0.3118E-02 0.1580E-07 0.2026E-07 0.2131E-08 0.7056E-31 0.1257E-01
         76         76 0.2341E+02 0.5311E-08 0.3118E-02 0.1525E-07 0.2026E-07 0.2130E-08 0.7111E-31 0.1259E-01
         77         77 0.2371E+02 0.5310E-08 0.3118E-02 0.1467E-07 0.2025E-07 0.2130E-08 0.7018E-31 0.1260E-01
         78         78 0.2404E+02 0.5309E-08 0.3118E-02 0.1409E-07 0.2025E-07 0.2130E-08 0.7006E-31 0.1262E-01
         79         79 0.2433E+02 0.5308E-08 0.3118E-02 0.1352E-07 0.2025E-07 0.2130E-08 0.7009E-31 0.1263E-01
         80         80 0.2462E+02 0.5307E-08 0.3118E-02 0.1294E-07 0.2024E-07 0.2129E-08 0.7001E-31 0.1265E-01
         81         81 0.2493E+02 0.5306E-08 0.3118E-02 0.1237E-07 0.2024E-07 0.2129E-08 0.6967E-31 0.1266E-01
         82         82 0.2522E+02 0.5306E-08 0.3118E-02 0.1182E-07 0.2024E-07 0.2129E-08 0.6924E-31 0.1267E-01
         83         83 0.2554E+02 0.5305E-08 0.3118E-02 0.1126E-07 0.2024E-07 0.2129E-08 0.7002E-31 0.1268E-01
         84         84 0.2584E+02 0.5305E-08 0.3118E-02 0.1071E-07 0.2024E-07 0.2129E-08 0.7011E-31 0.1270E-01
         85         85 0.2614E+02 0.5305E-08 0.3118E-02 0.1016E-07 0.2023E-07 0.2129E-08 0.7001E-31 0.1270E-01
         86         86 0.2644E+02 0.5304E-08 0.3118E-02 0.9618E-08 0.2023E-07 0.2129E-08 0.7063E-31 0.1271E-01
         87         87 0.2674E+02 0.5304E-08 0.3118E-02 0.9095E-08 0.2023E-07 0.2128E-08 0.6977E-31 0.1272E-01
         88         88 0.2704E+02 0.5304E-08 0.3118E-02 0.8579E-08 0.2023E-07 0.2128E-08 0.7019E-31 0.1273E-01
         89         89 0.2741E+02 0.5303E-08 0.3118E-02 0.8091E-08 0.2023E-07 0.2128E-08 0.7049E-31 0.1273E-01
         90         90 0.2772E+02 0.5303E-08 0.3118E-02 0.7631E-08 0.2023E-07 0.2128E-08 0.6942E-31 0.1274E-01
         91         91 0.2801E+02 0.5303E-08 0.3118E-02 0.7174E-08 0.2023E-07 0.2128E-08 0.6993E-31 0.1274E-01
         92         92 0.2830E+02 0.5303E-08 0.3118E-02 0.6744E-08 0.2023E-07 0.2128E-08 0.7063E-31 0.1274E-01
         93         93 0.2860E+02 0.5303E-08 0.3118E-02 0.6330E-08 0.2023E-07 0.2128E-08 0.6963E-31 0.1275E-01
         94         94 0.2890E+02 0.5303E-08 0.3118E-02 0.5924E-08 0.2023E-07 0.2128E-08 0.6954E-31 0.1275E-01
         95         95 0.2920E+02 0.5303E-08 0.3118E-02 0.5553E-08 0.2023E-07 0.2128E-08 0.6976E-31 0.1275E-01
         96         96 0.2955E+02 0.5303E-08 0.3118E-02 0.5190E-08 0.2023E-07 0.2128E-08 0.7056E-31 0.1276E-01
         97         97 0.2985E+02 0.5303E-08 0.3118E-02 0.4856E-08 0.2023E-07 0.2128E-08 0.6961E-31 0.1276E-01
         98         98 0.3015E+02 0.5303E-08 0.3118E-02 0.4542E-08 0.2023E-07 0.2128E-08 0.7059E-31 0.1276E-01
         99         99 0.3044E+02 0.5302E-08 0.3118E-02 0.4237E-08 0.2023E-07 0.2128E-08 0.6991E-31 0.1276E-01
        100        100 0.3073E+02 0.5302E-08 0.3118E-02 0.3951E-08 0.2023E-07 0.2128E-08 0.7008E-31 0.1276E-01
        101        101 0.3103E+02 0.5302E-08 0.3118E-02 0.3671E-08 0.2023E-07 0.2128E-08 0.6977E-31 0.1276E-01
        102        102 0.3132E+02 0.5302E-08 0.3118E-02 0.3410E-08 0.2023E-07 0.2128E-08 0.6931E-31 0.1276E-01
        103        103 0.3164E+02 0.5302E-08 0.3118E-02 0.3172E-08 0.2023E-07 0.2128E-08 0.6953E-31 0.1276E-01
        104        104 0.3194E+02 0.5302E-08 0.3118E-02 0.2937E-08 0.2023E-07 0.2128E-08 0.7000E-31 0.1276E-01
        105        105 0.3223E+02 0.5302E-08 0.3118E-02 0.2728E-08 0.2023E-07 0.2128E-08 0.6957E-31 0.1276E-01
        106        106 0.3252E+02 0.5302E-08 0.3118E-02 0.2525E-08 0.2023E-07 0.2128E-08 0.6930E-31 0.1276E-01
        107        107 0.3284E+02 0.5302E-08 0.3118E-02 0.2337E-08 0.2023E-07 0.2128E-08 0.7060E-31 0.1276E-01
        108        108 0.3314E+02 0.5302E-08 0.3118E-02 0.2158E-08 0.2023E-07 0.2128E-08 0.7049E-31 0.1276E-01
        109        109 0.3344E+02 0.5302E-08 0.3118E-02 0.1984E-08 0.2022E-07 0.2128E-08 0.6968E-31 0.1276E-01
        110        110 0.3373E+02 0.5302E-08 0.3118E-02 0.1831E-08 0.2022E-07 0.2128E-08 0.7012E-31 0.1276E-01
        111        111 0.3403E+02 0.5302E-08 0.3118E-02 0.1681E-08 0.2022E-07 0.2127E-08 0.7040E-31 0.1276E-01
        112        112 0.3433E+02 0.5302E-08 0.3118E-02 0.1542E-08 0.2022E-07 0.2127E-08 0.6968E-31 0.1276E-01
        113        113 0.3462E+02 0.5302E-08 0.3118E-02 0.1407E-08 0.2022E-07 0.2127E-08 0.7025E-31 0.1276E-01
        114        114 0.3491E+02 0.5302E-08 0.3118E-02 0.1289E-08 0.2022E-07 0.2127E-08 0.6955E-31 0.1276E-01
        115        115 0.3521E+02 0.5302E-08 0.3118E-02 0.1171E-08 0.2022E-07 0.2127E-08 0.6967E-31 0.1276E-01
        116        116 0.3551E+02 0.5302E-08 0.3118E-02 0.1067E-08 0.2022E-07 0.2127E-08 0.7036E-31 0.1276E-01
        117        117 0.3580E+02 0.5302E-08 0.3118E-02 0.9554E-09 0.2022E-07 0.2127E-08 0.6916E-31 0.1276E-01
        118        118 0.3611E+02 0.5302E-08 0.3118E-02 0.8732E-09 0.2022E-07 0.2127E-08 0.6932E-31 0.1276E-01
        119        119 0.3640E+02 0.5301E-08 0.3118E-02 0.7801E-09 0.2022E-07 0.2127E-08 0.7024E-31 0.1276E-01
        120        120 0.3669E+02 0.5301E-08 0.3118E-02 0.7066E-09 0.2022E-07 0.2127E-08 0.6980E-31 0.1276E-01
