#  1  time step                
#  0  Newton iteration         
#  1  CPU time                 
#  1  overall residual drop    
#  1  total beta drop          
#  1  change in total beta drop
#  1  alpha residual drop      
#  1  momentum residual drop   
#  1  drop diameter residual   
#  1  droplet mass deficit %   
          1          1 0.3697E+00 0.4812E-07 0.3250E-02 0.1151E-05 0.1553E-06 0.3789E-07 0.3665E-30 0.1945E-01
          2          2 0.6971E+00 0.1220E-07 0.3237E-02 0.3261E-05 0.4166E-07 0.8482E-08 0.1098E-30 0.2100E-01
          3          3 0.1258E+01 0.7819E-08 0.3221E-02 0.5968E-05 0.2866E-07 0.4170E-08 0.9690E-31 0.2068E-01
          4          4 0.1588E+01 0.6120E-08 0.3202E-02 0.9039E-05 0.2319E-07 0.2611E-08 0.9363E-31 0.1962E-01
          5          5 0.1929E+01 0.5079E-08 0.3183E-02 0.1226E-04 0.1944E-07 0.1967E-08 0.8751E-31 0.1826E-01
          6          6 0.2334E+01 0.4383E-08 0.3164E-02 0.1542E-04 0.1679E-07 0.1681E-08 0.8705E-31 0.1683E-01
          7          7 0.2649E+01 0.3889E-08 0.3146E-02 0.1719E-04 0.1486E-07 0.1529E-08 0.8301E-31 0.1545E-01
          8          8 0.2964E+01 0.3531E-08 0.3131E-02 0.1762E-04 0.1345E-07 0.1435E-08 0.8277E-31 0.1420E-01
          9          9 0.3318E+01 0.3268E-08 0.3119E-02 0.1700E-04 0.1241E-07 0.1370E-08 0.7887E-31 0.1313E-01
         10         10 0.3771E+01 0.3080E-08 0.3109E-02 0.1555E-04 0.1166E-07 0.1328E-08 0.7820E-31 0.1224E-01
         11         11 0.4099E+01 0.2949E-08 0.3102E-02 0.1354E-04 0.1113E-07 0.1302E-08 0.7758E-31 0.1153E-01
         12         12 0.4413E+01 0.2856E-08 0.3096E-02 0.1124E-04 0.1075E-07 0.1287E-08 0.7893E-31 0.1099E-01
         13         13 0.4736E+01 0.2787E-08 0.3093E-02 0.8913E-05 0.1047E-07 0.1277E-08 0.7877E-31 0.1058E-01
         14         14 0.5094E+01 0.2737E-08 0.3090E-02 0.6780E-05 0.1027E-07 0.1267E-08 0.7883E-31 0.1027E-01
         15         15 0.5447E+01 0.2702E-08 0.3089E-02 0.4975E-05 0.1013E-07 0.1258E-08 0.7610E-31 0.1004E-01
         16         16 0.5760E+01 0.2679E-08 0.3088E-02 0.3550E-05 0.1004E-07 0.1251E-08 0.7741E-31 0.9876E-02
         17         17 0.6083E+01 0.2666E-08 0.3087E-02 0.2494E-05 0.9988E-08 0.1246E-08 0.7435E-31 0.9759E-02
         18         18 0.6418E+01 0.2661E-08 0.3086E-02 0.1752E-05 0.9968E-08 0.1242E-08 0.7711E-31 0.9680E-02
         19         19 0.6740E+01 0.2661E-08 0.3085E-02 0.1254E-05 0.9972E-08 0.1240E-08 0.7523E-31 0.9627E-02
         20         20 0.7060E+01 0.2666E-08 0.3085E-02 0.9292E-06 0.9996E-08 0.1239E-08 0.7548E-31 0.9595E-02
         21         21 0.7379E+01 0.2675E-08 0.3084E-02 0.7216E-06 0.1003E-07 0.1238E-08 0.7585E-31 0.9575E-02
         22         22 0.7736E+01 0.2687E-08 0.3084E-02 0.5888E-06 0.1008E-07 0.1238E-08 0.7685E-31 0.9561E-02
         23         23 0.8064E+01 0.2700E-08 0.3084E-02 0.5022E-06 0.1014E-07 0.1237E-08 0.7765E-31 0.9550E-02
         24         24 0.8386E+01 0.2715E-08 0.3083E-02 0.4413E-06 0.1021E-07 0.1237E-08 0.7565E-31 0.9537E-02
         25         25 0.8705E+01 0.2731E-08 0.3083E-02 0.3914E-06 0.1028E-07 0.1237E-08 0.7415E-31 0.9522E-02
         26         26 0.9024E+01 0.2748E-08 0.3083E-02 0.3531E-06 0.1034E-07 0.1237E-08 0.7432E-31 0.9502E-02
         27         27 0.9339E+01 0.2764E-08 0.3082E-02 0.3219E-06 0.1041E-07 0.1238E-08 0.7411E-31 0.9476E-02
         28         28 0.9702E+01 0.2779E-08 0.3082E-02 0.2952E-06 0.1048E-07 0.1239E-08 0.7418E-31 0.9444E-02
         29         29 0.1002E+02 0.2795E-08 0.3082E-02 0.2713E-06 0.1054E-07 0.1241E-08 0.7291E-31 0.9408E-02
         30         30 0.1034E+02 0.2809E-08 0.3082E-02 0.2521E-06 0.1060E-07 0.1243E-08 0.7421E-31 0.9367E-02
         31         31 0.1065E+02 0.2822E-08 0.3082E-02 0.2407E-06 0.1065E-07 0.1245E-08 0.7546E-31 0.9324E-02
         32         32 0.1096E+02 0.2833E-08 0.3081E-02 0.2301E-06 0.1070E-07 0.1247E-08 0.7577E-31 0.9280E-02
         33         33 0.1129E+02 0.2840E-08 0.3081E-02 0.2197E-06 0.1073E-07 0.1249E-08 0.7313E-31 0.9236E-02
         34         34 0.1161E+02 0.2846E-08 0.3081E-02 0.2096E-06 0.1075E-07 0.1251E-08 0.7404E-31 0.9194E-02
         35         35 0.1195E+02 0.2851E-08 0.3081E-02 0.1997E-06 0.1076E-07 0.1254E-08 0.7405E-31 0.9154E-02
         36         36 0.1228E+02 0.2853E-08 0.3081E-02 0.1897E-06 0.1077E-07 0.1256E-08 0.7369E-31 0.9119E-02
         37         37 0.1261E+02 0.2854E-08 0.3080E-02 0.1797E-06 0.1078E-07 0.1258E-08 0.7446E-31 0.9089E-02
         38         38 0.1293E+02 0.2854E-08 0.3080E-02 0.1697E-06 0.1077E-07 0.1260E-08 0.7505E-31 0.9065E-02
         39         39 0.1326E+02 0.2850E-08 0.3080E-02 0.1598E-06 0.1075E-07 0.1261E-08 0.7406E-31 0.9047E-02
         40         40 0.1358E+02 0.2843E-08 0.3080E-02 0.1498E-06 0.1073E-07 0.1261E-08 0.7595E-31 0.9036E-02
         41         41 0.1392E+02 0.2836E-08 0.3080E-02 0.1399E-06 0.1070E-07 0.1260E-08 0.7443E-31 0.9032E-02
         42         42 0.1424E+02 0.2829E-08 0.3080E-02 0.1301E-06 0.1067E-07 0.1258E-08 0.7459E-31 0.9035E-02
         43         43 0.1457E+02 0.2822E-08 0.3080E-02 0.1205E-06 0.1064E-07 0.1256E-08 0.7565E-31 0.9044E-02
         44         44 0.1488E+02 0.2815E-08 0.3080E-02 0.1112E-06 0.1061E-07 0.1254E-08 0.7499E-31 0.9059E-02
         45         45 0.1523E+02 0.2808E-08 0.3080E-02 0.1021E-06 0.1058E-07 0.1253E-08 0.7455E-31 0.9080E-02
         46         46 0.1555E+02 0.2801E-08 0.3080E-02 0.9335E-07 0.1056E-07 0.1252E-08 0.7474E-31 0.9106E-02
         47         47 0.1587E+02 0.2795E-08 0.3079E-02 0.8499E-07 0.1053E-07 0.1251E-08 0.7293E-31 0.9136E-02
         48         48 0.1621E+02 0.2790E-08 0.3079E-02 0.7701E-07 0.1051E-07 0.1250E-08 0.7343E-31 0.9169E-02
         49         49 0.1652E+02 0.2785E-08 0.3079E-02 0.6948E-07 0.1049E-07 0.1249E-08 0.7289E-31 0.9205E-02
         50         50 0.1683E+02 0.2781E-08 0.3079E-02 0.6239E-07 0.1047E-07 0.1248E-08 0.7247E-31 0.9242E-02
         51         51 0.1715E+02 0.2777E-08 0.3079E-02 0.5576E-07 0.1046E-07 0.1248E-08 0.7310E-31 0.9280E-02
         52         52 0.1747E+02 0.2774E-08 0.3079E-02 0.4958E-07 0.1045E-07 0.1247E-08 0.7198E-31 0.9318E-02
         53         53 0.1779E+02 0.2772E-08 0.3079E-02 0.4383E-07 0.1044E-07 0.1246E-08 0.7255E-31 0.9355E-02
         54         54 0.1813E+02 0.2771E-08 0.3079E-02 0.3852E-07 0.1044E-07 0.1245E-08 0.7186E-31 0.9392E-02
         55         55 0.1845E+02 0.2772E-08 0.3079E-02 0.3360E-07 0.1044E-07 0.1244E-08 0.7260E-31 0.9427E-02
         56         56 0.1877E+02 0.2774E-08 0.3079E-02 0.2908E-07 0.1045E-07 0.1244E-08 0.7202E-31 0.9459E-02
         57         57 0.1912E+02 0.2778E-08 0.3079E-02 0.2491E-07 0.1047E-07 0.1244E-08 0.7332E-31 0.9490E-02
         58         58 0.1944E+02 0.2783E-08 0.3079E-02 0.2110E-07 0.1049E-07 0.1244E-08 0.7200E-31 0.9518E-02
         59         59 0.1976E+02 0.2790E-08 0.3079E-02 0.1758E-07 0.1052E-07 0.1245E-08 0.7216E-31 0.9543E-02
         60         60 0.2009E+02 0.2798E-08 0.3079E-02 0.1440E-07 0.1055E-07 0.1246E-08 0.7095E-31 0.9565E-02
         61         61 0.2041E+02 0.2808E-08 0.3079E-02 0.1150E-07 0.1059E-07 0.1247E-08 0.7203E-31 0.9584E-02
         62         62 0.2072E+02 0.2818E-08 0.3079E-02 0.8850E-08 0.1063E-07 0.1249E-08 0.7122E-31 0.9601E-02
         63         63 0.2104E+02 0.2829E-08 0.3079E-02 0.6470E-08 0.1068E-07 0.1251E-08 0.7167E-31 0.9614E-02
         64         64 0.2136E+02 0.2841E-08 0.3079E-02 0.4319E-08 0.1072E-07 0.1253E-08 0.7066E-31 0.9624E-02
         65         65 0.2168E+02 0.2853E-08 0.3079E-02 0.2424E-08 0.1077E-07 0.1256E-08 0.7195E-31 0.9632E-02
         66         66 0.2200E+02 0.2866E-08 0.3079E-02 0.7205E-09 0.1082E-07 0.1259E-08 0.7024E-31 0.9637E-02
         67         67 0.2232E+02 0.2879E-08 0.3079E-02 0.8060E-09 0.1088E-07 0.1261E-08 0.7174E-31 0.9640E-02
         68         68 0.2266E+02 0.2890E-08 0.3079E-02 0.2131E-08 0.1092E-07 0.1264E-08 0.7032E-31 0.9641E-02
         69         69 0.2298E+02 0.2902E-08 0.3079E-02 0.3287E-08 0.1097E-07 0.1267E-08 0.7154E-31 0.9640E-02
         70         70 0.2331E+02 0.2912E-08 0.3079E-02 0.4294E-08 0.1101E-07 0.1270E-08 0.7147E-31 0.9639E-02
         71         71 0.2363E+02 0.2923E-08 0.3079E-02 0.5155E-08 0.1105E-07 0.1273E-08 0.7126E-31 0.9636E-02
         72         72 0.2396E+02 0.2933E-08 0.3079E-02 0.5894E-08 0.1109E-07 0.1276E-08 0.7051E-31 0.9633E-02
         73         73 0.2428E+02 0.2942E-08 0.3079E-02 0.6500E-08 0.1112E-07 0.1279E-08 0.7132E-31 0.9631E-02
         74         74 0.2463E+02 0.2950E-08 0.3079E-02 0.7010E-08 0.1116E-07 0.1282E-08 0.7102E-31 0.9630E-02
         75         75 0.2497E+02 0.2958E-08 0.3079E-02 0.7422E-08 0.1119E-07 0.1286E-08 0.7151E-31 0.9630E-02
         76         76 0.2530E+02 0.2963E-08 0.3079E-02 0.7748E-08 0.1121E-07 0.1289E-08 0.7041E-31 0.9632E-02
         77         77 0.2565E+02 0.2966E-08 0.3079E-02 0.8008E-08 0.1121E-07 0.1293E-08 0.7135E-31 0.9637E-02
         78         78 0.2614E+02 0.2968E-08 0.3079E-02 0.8214E-08 0.1122E-07 0.1295E-08 0.7061E-31 0.9645E-02
         79         79 0.2646E+02 0.2970E-08 0.3079E-02 0.8344E-08 0.1122E-07 0.1297E-08 0.7129E-31 0.9656E-02
         80         80 0.2678E+02 0.2970E-08 0.3079E-02 0.8414E-08 0.1122E-07 0.1299E-08 0.7051E-31 0.9671E-02
         81         81 0.2711E+02 0.2970E-08 0.3079E-02 0.8450E-08 0.1122E-07 0.1301E-08 0.7112E-31 0.9690E-02
         82         82 0.2749E+02 0.2970E-08 0.3079E-02 0.8434E-08 0.1122E-07 0.1303E-08 0.7124E-31 0.9714E-02
         83         83 0.2783E+02 0.2970E-08 0.3079E-02 0.8382E-08 0.1122E-07 0.1304E-08 0.7128E-31 0.9741E-02
         84         84 0.2817E+02 0.2969E-08 0.3079E-02 0.8272E-08 0.1121E-07 0.1305E-08 0.7043E-31 0.9773E-02
         85         85 0.2849E+02 0.2968E-08 0.3079E-02 0.8145E-08 0.1121E-07 0.1307E-08 0.7153E-31 0.9809E-02
         86         86 0.2883E+02 0.2967E-08 0.3079E-02 0.8001E-08 0.1120E-07 0.1308E-08 0.7155E-31 0.9848E-02
         87         87 0.2918E+02 0.2965E-08 0.3079E-02 0.7825E-08 0.1119E-07 0.1309E-08 0.7223E-31 0.9891E-02
         88         88 0.2954E+02 0.2964E-08 0.3079E-02 0.7640E-08 0.1119E-07 0.1310E-08 0.7186E-31 0.9938E-02
         89         89 0.2987E+02 0.2962E-08 0.3079E-02 0.7432E-08 0.1118E-07 0.1311E-08 0.7198E-31 0.9987E-02
         90         90 0.3019E+02 0.2961E-08 0.3079E-02 0.7214E-08 0.1117E-07 0.1312E-08 0.7121E-31 0.1004E-01
         91         91 0.3052E+02 0.2959E-08 0.3079E-02 0.6984E-08 0.1116E-07 0.1313E-08 0.7250E-31 0.1009E-01
         92         92 0.3087E+02 0.2958E-08 0.3079E-02 0.6749E-08 0.1116E-07 0.1313E-08 0.7093E-31 0.1015E-01
         93         93 0.3122E+02 0.2956E-08 0.3079E-02 0.6500E-08 0.1115E-07 0.1314E-08 0.7258E-31 0.1020E-01
         94         94 0.3154E+02 0.2954E-08 0.3079E-02 0.6240E-08 0.1114E-07 0.1315E-08 0.7256E-31 0.1026E-01
         95         95 0.3186E+02 0.2953E-08 0.3079E-02 0.5986E-08 0.1113E-07 0.1315E-08 0.7279E-31 0.1031E-01
         96         96 0.3219E+02 0.2951E-08 0.3079E-02 0.5725E-08 0.1113E-07 0.1316E-08 0.7134E-31 0.1037E-01
         97         97 0.3251E+02 0.2950E-08 0.3079E-02 0.5463E-08 0.1112E-07 0.1316E-08 0.7226E-31 0.1043E-01
         98         98 0.3283E+02 0.2948E-08 0.3079E-02 0.5201E-08 0.1111E-07 0.1317E-08 0.7208E-31 0.1048E-01
         99         99 0.3335E+02 0.2947E-08 0.3079E-02 0.4940E-08 0.1111E-07 0.1317E-08 0.7275E-31 0.1053E-01
        100        100 0.3374E+02 0.2946E-08 0.3079E-02 0.4681E-08 0.1110E-07 0.1318E-08 0.7155E-31 0.1058E-01
        101        101 0.3407E+02 0.2944E-08 0.3079E-02 0.4421E-08 0.1109E-07 0.1318E-08 0.7194E-31 0.1063E-01
        102        102 0.3441E+02 0.2943E-08 0.3079E-02 0.4169E-08 0.1109E-07 0.1318E-08 0.7144E-31 0.1068E-01
        103        103 0.3482E+02 0.2942E-08 0.3079E-02 0.3918E-08 0.1108E-07 0.1319E-08 0.7232E-31 0.1072E-01
        104        104 0.3519E+02 0.2941E-08 0.3079E-02 0.3670E-08 0.1108E-07 0.1319E-08 0.7156E-31 0.1076E-01
        105        105 0.3557E+02 0.2940E-08 0.3079E-02 0.3432E-08 0.1108E-07 0.1319E-08 0.7244E-31 0.1080E-01
        106        106 0.3593E+02 0.2939E-08 0.3079E-02 0.3203E-08 0.1107E-07 0.1319E-08 0.7227E-31 0.1084E-01
        107        107 0.3625E+02 0.2939E-08 0.3079E-02 0.2979E-08 0.1107E-07 0.1319E-08 0.7195E-31 0.1088E-01
        108        108 0.3657E+02 0.2938E-08 0.3079E-02 0.2764E-08 0.1106E-07 0.1320E-08 0.7124E-31 0.1091E-01
        109        109 0.3690E+02 0.2937E-08 0.3079E-02 0.2559E-08 0.1106E-07 0.1320E-08 0.7262E-31 0.1094E-01
        110        110 0.3723E+02 0.2936E-08 0.3079E-02 0.2363E-08 0.1106E-07 0.1320E-08 0.7214E-31 0.1096E-01
        111        111 0.3756E+02 0.2936E-08 0.3079E-02 0.2173E-08 0.1106E-07 0.1320E-08 0.7217E-31 0.1099E-01
        112        112 0.3788E+02 0.2935E-08 0.3079E-02 0.1992E-08 0.1105E-07 0.1320E-08 0.7174E-31 0.1101E-01
        113        113 0.3820E+02 0.2935E-08 0.3079E-02 0.1819E-08 0.1105E-07 0.1320E-08 0.7190E-31 0.1103E-01
        114        114 0.3853E+02 0.2935E-08 0.3079E-02 0.1655E-08 0.1105E-07 0.1320E-08 0.7184E-31 0.1105E-01
        115        115 0.3886E+02 0.2934E-08 0.3079E-02 0.1500E-08 0.1105E-07 0.1321E-08 0.7249E-31 0.1106E-01
        116        116 0.3918E+02 0.2934E-08 0.3079E-02 0.1353E-08 0.1105E-07 0.1321E-08 0.7120E-31 0.1108E-01
        117        117 0.3950E+02 0.2934E-08 0.3079E-02 0.1215E-08 0.1105E-07 0.1321E-08 0.7260E-31 0.1109E-01
        118        118 0.3988E+02 0.2933E-08 0.3079E-02 0.1085E-08 0.1104E-07 0.1321E-08 0.7196E-31 0.1110E-01
        119        119 0.4020E+02 0.2933E-08 0.3079E-02 0.9633E-09 0.1104E-07 0.1321E-08 0.7207E-31 0.1111E-01
        120        120 0.4053E+02 0.2933E-08 0.3079E-02 0.8499E-09 0.1104E-07 0.1321E-08 0.7131E-31 0.1112E-01
