#  1  time step                
#  0  Newton iteration         
#  1  CPU time                 
#  1  overall residual drop    
#  1  total beta drop          
#  1  change in total beta drop
#  1  alpha residual drop      
#  1  momentum residual drop   
#  1  drop diameter residual   
#  1  droplet mass deficit %   
          1          1 0.2141E+00 0.2433E-06 0.2903E-02 0.1314E-05 0.8020E-06 0.1837E-06 0.2743E-30 -.1197E-01
          2          2 0.3822E+00 0.4634E-07 0.2913E-02 0.2977E-05 0.1663E-06 0.2731E-07 0.9964E-31 -.1198E-01
          3          3 0.5490E+00 0.2000E-07 0.2923E-02 0.4587E-05 0.7544E-07 0.8871E-08 0.9136E-31 -.1132E-01
          4          4 0.7203E+00 0.1304E-07 0.2932E-02 0.6179E-05 0.4962E-07 0.5368E-08 0.8972E-31 -.1040E-01
          5          5 0.8888E+00 0.9954E-08 0.2942E-02 0.7890E-05 0.3804E-07 0.3922E-08 0.8640E-31 -.9390E-02
          6          6 0.1309E+01 0.8345E-08 0.2954E-02 0.9780E-05 0.3197E-07 0.3205E-08 0.8443E-31 -.8318E-02
          7          7 0.1486E+01 0.7392E-08 0.2966E-02 0.1054E-04 0.2833E-07 0.2819E-08 0.8140E-31 -.7218E-02
          8          8 0.1660E+01 0.6769E-08 0.2979E-02 0.1105E-04 0.2593E-07 0.2597E-08 0.8306E-31 -.6112E-02
          9          9 0.1855E+01 0.6348E-08 0.2992E-02 0.1160E-04 0.2430E-07 0.2460E-08 0.8105E-31 -.5038E-02
         10         10 0.2055E+01 0.6066E-08 0.3005E-02 0.1206E-04 0.2320E-07 0.2367E-08 0.7931E-31 -.4019E-02
         11         11 0.2334E+01 0.5881E-08 0.3016E-02 0.1224E-04 0.2248E-07 0.2309E-08 0.8100E-31 -.3062E-02
         12         12 0.2506E+01 0.5768E-08 0.3026E-02 0.1203E-04 0.2203E-07 0.2285E-08 0.7886E-31 -.2172E-02
         13         13 0.2675E+01 0.5704E-08 0.3035E-02 0.1140E-04 0.2177E-07 0.2279E-08 0.7618E-31 -.1335E-02
         14         14 0.2851E+01 0.5670E-08 0.3042E-02 0.1049E-04 0.2162E-07 0.2280E-08 0.7634E-31 -.5354E-03
         15         15 0.3018E+01 0.5649E-08 0.3049E-02 0.9402E-05 0.2154E-07 0.2276E-08 0.7526E-31 0.2509E-03
         16         16 0.3192E+01 0.5636E-08 0.3054E-02 0.8244E-05 0.2150E-07 0.2264E-08 0.7635E-31 0.1040E-02
         17         17 0.3362E+01 0.5625E-08 0.3059E-02 0.7101E-05 0.2147E-07 0.2245E-08 0.7608E-31 0.1844E-02
         18         18 0.3535E+01 0.5609E-08 0.3062E-02 0.6060E-05 0.2142E-07 0.2222E-08 0.7476E-31 0.2672E-02
         19         19 0.3716E+01 0.5590E-08 0.3066E-02 0.5160E-05 0.2137E-07 0.2196E-08 0.7356E-31 0.3525E-02
         20         20 0.3986E+01 0.5568E-08 0.3068E-02 0.4360E-05 0.2131E-07 0.2164E-08 0.7343E-31 0.4400E-02
         21         21 0.4238E+01 0.5546E-08 0.3071E-02 0.3668E-05 0.2124E-07 0.2129E-08 0.7236E-31 0.5289E-02
         22         22 0.4423E+01 0.5525E-08 0.3073E-02 0.3083E-05 0.2118E-07 0.2103E-08 0.7226E-31 0.6179E-02
         23         23 0.4591E+01 0.5506E-08 0.3074E-02 0.2593E-05 0.2112E-07 0.2084E-08 0.7272E-31 0.7057E-02
         24         24 0.4763E+01 0.5488E-08 0.3075E-02 0.2168E-05 0.2105E-07 0.2070E-08 0.7158E-31 0.7909E-02
         25         25 0.4937E+01 0.5471E-08 0.3076E-02 0.1798E-05 0.2099E-07 0.2062E-08 0.7113E-31 0.8720E-02
         26         26 0.5117E+01 0.5455E-08 0.3077E-02 0.1489E-05 0.2093E-07 0.2058E-08 0.7056E-31 0.9477E-02
         27         27 0.5287E+01 0.5441E-08 0.3078E-02 0.1232E-05 0.2087E-07 0.2058E-08 0.6972E-31 0.1017E-01
         28         28 0.5463E+01 0.5427E-08 0.3079E-02 0.1015E-05 0.2081E-07 0.2057E-08 0.7180E-31 0.1079E-01
         29         29 0.5642E+01 0.5414E-08 0.3079E-02 0.8303E-06 0.2076E-07 0.2057E-08 0.6957E-31 0.1133E-01
         30         30 0.5814E+01 0.5402E-08 0.3079E-02 0.6747E-06 0.2071E-07 0.2056E-08 0.7119E-31 0.1179E-01
         31         31 0.5981E+01 0.5390E-08 0.3080E-02 0.5439E-06 0.2066E-07 0.2056E-08 0.6907E-31 0.1217E-01
         32         32 0.6153E+01 0.5380E-08 0.3080E-02 0.4292E-06 0.2062E-07 0.2056E-08 0.7169E-31 0.1247E-01
         33         33 0.6388E+01 0.5371E-08 0.3080E-02 0.3276E-06 0.2058E-07 0.2056E-08 0.6889E-31 0.1269E-01
         34         34 0.6575E+01 0.5364E-08 0.3080E-02 0.2442E-06 0.2055E-07 0.2056E-08 0.7136E-31 0.1284E-01
         35         35 0.6744E+01 0.5357E-08 0.3080E-02 0.1765E-06 0.2052E-07 0.2056E-08 0.6889E-31 0.1293E-01
         36         36 0.6914E+01 0.5352E-08 0.3080E-02 0.1223E-06 0.2050E-07 0.2056E-08 0.7043E-31 0.1297E-01
         37         37 0.7086E+01 0.5348E-08 0.3080E-02 0.7971E-07 0.2048E-07 0.2056E-08 0.7048E-31 0.1295E-01
         38         38 0.7254E+01 0.5345E-08 0.3080E-02 0.4664E-07 0.2047E-07 0.2055E-08 0.7129E-31 0.1290E-01
         39         39 0.7426E+01 0.5342E-08 0.3080E-02 0.2135E-07 0.2046E-07 0.2055E-08 0.6952E-31 0.1282E-01
         40         40 0.7598E+01 0.5338E-08 0.3080E-02 0.2443E-08 0.2044E-07 0.2055E-08 0.7093E-31 0.1272E-01
         41         41 0.7771E+01 0.5335E-08 0.3080E-02 0.1139E-07 0.2043E-07 0.2054E-08 0.7010E-31 0.1260E-01
         42         42 0.7941E+01 0.5333E-08 0.3080E-02 0.2134E-07 0.2042E-07 0.2053E-08 0.7074E-31 0.1247E-01
         43         43 0.8119E+01 0.5331E-08 0.3080E-02 0.2844E-07 0.2042E-07 0.2052E-08 0.6968E-31 0.1234E-01
         44         44 0.8290E+01 0.5330E-08 0.3080E-02 0.3341E-07 0.2041E-07 0.2051E-08 0.7103E-31 0.1221E-01
         45         45 0.8492E+01 0.5329E-08 0.3080E-02 0.3681E-07 0.2041E-07 0.2051E-08 0.7065E-31 0.1209E-01
         46         46 0.8687E+01 0.5327E-08 0.3080E-02 0.3910E-07 0.2040E-07 0.2050E-08 0.7158E-31 0.1197E-01
         47         47 0.8858E+01 0.5326E-08 0.3080E-02 0.4060E-07 0.2040E-07 0.2050E-08 0.6935E-31 0.1187E-01
         48         48 0.9034E+01 0.5325E-08 0.3080E-02 0.4150E-07 0.2039E-07 0.2050E-08 0.7134E-31 0.1177E-01
         49         49 0.9210E+01 0.5324E-08 0.3080E-02 0.4195E-07 0.2039E-07 0.2049E-08 0.7007E-31 0.1169E-01
         50         50 0.9381E+01 0.5323E-08 0.3080E-02 0.4213E-07 0.2038E-07 0.2049E-08 0.7189E-31 0.1163E-01
         51         51 0.9551E+01 0.5322E-08 0.3080E-02 0.4215E-07 0.2038E-07 0.2049E-08 0.6992E-31 0.1157E-01
         52         52 0.9720E+01 0.5321E-08 0.3080E-02 0.4203E-07 0.2038E-07 0.2049E-08 0.7160E-31 0.1153E-01
         53         53 0.9886E+01 0.5320E-08 0.3080E-02 0.4180E-07 0.2037E-07 0.2049E-08 0.7002E-31 0.1150E-01
         54         54 0.1006E+02 0.5319E-08 0.3080E-02 0.4147E-07 0.2037E-07 0.2048E-08 0.7171E-31 0.1148E-01
         55         55 0.1023E+02 0.5319E-08 0.3079E-02 0.4105E-07 0.2037E-07 0.2048E-08 0.6992E-31 0.1147E-01
         56         56 0.1040E+02 0.5318E-08 0.3079E-02 0.4052E-07 0.2037E-07 0.2048E-08 0.7223E-31 0.1147E-01
         57         57 0.1057E+02 0.5317E-08 0.3079E-02 0.3992E-07 0.2036E-07 0.2048E-08 0.7007E-31 0.1148E-01
         58         58 0.1075E+02 0.5317E-08 0.3079E-02 0.3924E-07 0.2036E-07 0.2048E-08 0.7256E-31 0.1149E-01
         59         59 0.1092E+02 0.5316E-08 0.3079E-02 0.3845E-07 0.2036E-07 0.2047E-08 0.6994E-31 0.1150E-01
         60         60 0.1109E+02 0.5315E-08 0.3079E-02 0.3756E-07 0.2035E-07 0.2047E-08 0.7250E-31 0.1152E-01
         61         61 0.1126E+02 0.5315E-08 0.3079E-02 0.3657E-07 0.2035E-07 0.2047E-08 0.7079E-31 0.1154E-01
         62         62 0.1143E+02 0.5314E-08 0.3079E-02 0.3547E-07 0.2035E-07 0.2047E-08 0.7100E-31 0.1156E-01
         63         63 0.1161E+02 0.5313E-08 0.3079E-02 0.3424E-07 0.2035E-07 0.2047E-08 0.7027E-31 0.1158E-01
         64         64 0.1178E+02 0.5313E-08 0.3079E-02 0.3292E-07 0.2034E-07 0.2046E-08 0.7157E-31 0.1160E-01
         65         65 0.1195E+02 0.5312E-08 0.3079E-02 0.3157E-07 0.2034E-07 0.2046E-08 0.6979E-31 0.1162E-01
         66         66 0.1212E+02 0.5311E-08 0.3079E-02 0.3016E-07 0.2034E-07 0.2046E-08 0.7157E-31 0.1164E-01
         67         67 0.1230E+02 0.5311E-08 0.3079E-02 0.2875E-07 0.2034E-07 0.2045E-08 0.7028E-31 0.1165E-01
         68         68 0.1247E+02 0.5310E-08 0.3079E-02 0.2736E-07 0.2033E-07 0.2045E-08 0.7194E-31 0.1166E-01
         69         69 0.1263E+02 0.5309E-08 0.3079E-02 0.2598E-07 0.2033E-07 0.2045E-08 0.7088E-31 0.1167E-01
         70         70 0.1283E+02 0.5309E-08 0.3079E-02 0.2464E-07 0.2033E-07 0.2045E-08 0.7257E-31 0.1168E-01
         71         71 0.1301E+02 0.5308E-08 0.3079E-02 0.2334E-07 0.2033E-07 0.2044E-08 0.7112E-31 0.1168E-01
         72         72 0.1318E+02 0.5307E-08 0.3079E-02 0.2209E-07 0.2032E-07 0.2044E-08 0.7309E-31 0.1168E-01
         73         73 0.1335E+02 0.5307E-08 0.3079E-02 0.2087E-07 0.2032E-07 0.2044E-08 0.7060E-31 0.1168E-01
         74         74 0.1352E+02 0.5306E-08 0.3079E-02 0.1970E-07 0.2032E-07 0.2044E-08 0.7190E-31 0.1167E-01
         75         75 0.1369E+02 0.5305E-08 0.3079E-02 0.1856E-07 0.2032E-07 0.2044E-08 0.7075E-31 0.1167E-01
         76         76 0.1386E+02 0.5305E-08 0.3079E-02 0.1746E-07 0.2031E-07 0.2043E-08 0.7288E-31 0.1166E-01
         77         77 0.1404E+02 0.5304E-08 0.3079E-02 0.1638E-07 0.2031E-07 0.2043E-08 0.7139E-31 0.1165E-01
         78         78 0.1422E+02 0.5304E-08 0.3079E-02 0.1535E-07 0.2031E-07 0.2043E-08 0.7228E-31 0.1163E-01
         79         79 0.1439E+02 0.5303E-08 0.3079E-02 0.1437E-07 0.2031E-07 0.2043E-08 0.7148E-31 0.1162E-01
         80         80 0.1456E+02 0.5303E-08 0.3079E-02 0.1343E-07 0.2031E-07 0.2043E-08 0.7155E-31 0.1160E-01
         81         81 0.1472E+02 0.5302E-08 0.3079E-02 0.1254E-07 0.2030E-07 0.2042E-08 0.7021E-31 0.1159E-01
         82         82 0.1492E+02 0.5301E-08 0.3079E-02 0.1169E-07 0.2030E-07 0.2042E-08 0.7207E-31 0.1157E-01
         83         83 0.1510E+02 0.5301E-08 0.3079E-02 0.1087E-07 0.2030E-07 0.2042E-08 0.7025E-31 0.1155E-01
         84         84 0.1528E+02 0.5300E-08 0.3079E-02 0.1009E-07 0.2030E-07 0.2042E-08 0.7140E-31 0.1153E-01
         85         85 0.1544E+02 0.5300E-08 0.3079E-02 0.9340E-08 0.2030E-07 0.2042E-08 0.6991E-31 0.1151E-01
         86         86 0.1561E+02 0.5299E-08 0.3079E-02 0.8640E-08 0.2029E-07 0.2042E-08 0.7173E-31 0.1149E-01
         87         87 0.1578E+02 0.5299E-08 0.3079E-02 0.7981E-08 0.2029E-07 0.2042E-08 0.6978E-31 0.1147E-01
         88         88 0.1595E+02 0.5299E-08 0.3079E-02 0.7362E-08 0.2029E-07 0.2041E-08 0.7097E-31 0.1145E-01
         89         89 0.1612E+02 0.5298E-08 0.3079E-02 0.6784E-08 0.2029E-07 0.2041E-08 0.6934E-31 0.1143E-01
         90         90 0.1629E+02 0.5298E-08 0.3079E-02 0.6244E-08 0.2029E-07 0.2041E-08 0.7157E-31 0.1141E-01
         91         91 0.1645E+02 0.5297E-08 0.3079E-02 0.5738E-08 0.2029E-07 0.2041E-08 0.6932E-31 0.1139E-01
         92         92 0.1662E+02 0.5297E-08 0.3079E-02 0.5263E-08 0.2028E-07 0.2041E-08 0.7120E-31 0.1137E-01
         93         93 0.1678E+02 0.5297E-08 0.3079E-02 0.4820E-08 0.2028E-07 0.2041E-08 0.6967E-31 0.1135E-01
         94         94 0.1695E+02 0.5296E-08 0.3079E-02 0.4407E-08 0.2028E-07 0.2041E-08 0.7102E-31 0.1133E-01
         95         95 0.1716E+02 0.5296E-08 0.3079E-02 0.4023E-08 0.2028E-07 0.2041E-08 0.6923E-31 0.1131E-01
         96         96 0.1733E+02 0.5296E-08 0.3079E-02 0.3669E-08 0.2028E-07 0.2041E-08 0.7036E-31 0.1129E-01
         97         97 0.1750E+02 0.5295E-08 0.3079E-02 0.3343E-08 0.2028E-07 0.2041E-08 0.6924E-31 0.1127E-01
         98         98 0.1766E+02 0.5295E-08 0.3079E-02 0.3046E-08 0.2028E-07 0.2041E-08 0.7028E-31 0.1126E-01
         99         99 0.1782E+02 0.5295E-08 0.3079E-02 0.2776E-08 0.2027E-07 0.2041E-08 0.6797E-31 0.1124E-01
        100        100 0.1799E+02 0.5294E-08 0.3079E-02 0.2528E-08 0.2027E-07 0.2041E-08 0.6984E-31 0.1122E-01
        101        101 0.1816E+02 0.5294E-08 0.3079E-02 0.2303E-08 0.2027E-07 0.2041E-08 0.6936E-31 0.1121E-01
        102        102 0.1833E+02 0.5294E-08 0.3079E-02 0.2096E-08 0.2027E-07 0.2041E-08 0.7037E-31 0.1119E-01
        103        103 0.1849E+02 0.5294E-08 0.3079E-02 0.1906E-08 0.2027E-07 0.2040E-08 0.6968E-31 0.1118E-01
        104        104 0.1866E+02 0.5294E-08 0.3079E-02 0.1732E-08 0.2027E-07 0.2040E-08 0.7006E-31 0.1116E-01
        105        105 0.1883E+02 0.5293E-08 0.3079E-02 0.1575E-08 0.2027E-07 0.2040E-08 0.6794E-31 0.1115E-01
        106        106 0.1900E+02 0.5293E-08 0.3079E-02 0.1433E-08 0.2027E-07 0.2040E-08 0.7018E-31 0.1114E-01
        107        107 0.1926E+02 0.5293E-08 0.3079E-02 0.1304E-08 0.2027E-07 0.2040E-08 0.6872E-31 0.1113E-01
        108        108 0.1943E+02 0.5293E-08 0.3079E-02 0.1186E-08 0.2027E-07 0.2040E-08 0.7022E-31 0.1111E-01
        109        109 0.1965E+02 0.5293E-08 0.3079E-02 0.1077E-08 0.2027E-07 0.2040E-08 0.6903E-31 0.1110E-01
        110        110 0.1981E+02 0.5292E-08 0.3079E-02 0.9768E-09 0.2027E-07 0.2040E-08 0.7022E-31 0.1109E-01
        111        111 0.1998E+02 0.5292E-08 0.3079E-02 0.8824E-09 0.2027E-07 0.2040E-08 0.6857E-31 0.1108E-01
        112        112 0.2015E+02 0.5292E-08 0.3079E-02 0.7942E-09 0.2026E-07 0.2040E-08 0.6999E-31 0.1107E-01
        113        113 0.2032E+02 0.5292E-08 0.3079E-02 0.7135E-09 0.2026E-07 0.2040E-08 0.6863E-31 0.1106E-01
        114        114 0.2048E+02 0.5292E-08 0.3079E-02 0.6406E-09 0.2026E-07 0.2040E-08 0.7039E-31 0.1105E-01
        115        115 0.2065E+02 0.5292E-08 0.3079E-02 0.5754E-09 0.2026E-07 0.2040E-08 0.6854E-31 0.1105E-01
        116        116 0.2081E+02 0.5292E-08 0.3079E-02 0.5169E-09 0.2026E-07 0.2040E-08 0.6982E-31 0.1104E-01
        117        117 0.2098E+02 0.5292E-08 0.3079E-02 0.4646E-09 0.2026E-07 0.2040E-08 0.6891E-31 0.1103E-01
        118        118 0.2114E+02 0.5291E-08 0.3079E-02 0.4175E-09 0.2026E-07 0.2040E-08 0.6995E-31 0.1102E-01
        119        119 0.2131E+02 0.5291E-08 0.3079E-02 0.3753E-09 0.2026E-07 0.2040E-08 0.6886E-31 0.1102E-01
        120        120 0.2155E+02 0.5291E-08 0.3079E-02 0.3373E-09 0.2026E-07 0.2040E-08 0.6987E-31 0.1101E-01
