#  1  time step                
#  0  Newton iteration         
#  1  CPU time                 
#  1  overall residual drop    
#  1  total beta drop          
#  1  change in total beta drop
#  1  alpha residual drop      
#  1  momentum residual drop   
#  1  drop diameter residual   
#  1  droplet mass deficit %   
          1          1 0.3221E+00 0.5991E-07 0.3013E-02 0.6695E-06 0.1913E-06 0.4811E-07 0.3603E-30 0.1111E-01
          2          2 0.6206E+00 0.1292E-07 0.3008E-02 0.1478E-05 0.4544E-07 0.8201E-08 0.1144E-30 0.1135E-01
          3          3 0.8678E+00 0.7608E-08 0.3003E-02 0.2374E-05 0.2858E-07 0.3488E-08 0.9762E-31 0.1095E-01
          4          4 0.1114E+01 0.5720E-08 0.2996E-02 0.3446E-05 0.2196E-07 0.2138E-08 0.9229E-31 0.1032E-01
          5          5 0.1587E+01 0.4618E-08 0.2989E-02 0.4713E-05 0.1777E-07 0.1685E-08 0.8838E-31 0.9576E-02
          6          6 0.1908E+01 0.3927E-08 0.2980E-02 0.6097E-05 0.1506E-07 0.1485E-08 0.8624E-31 0.8806E-02
          7          7 0.2261E+01 0.3508E-08 0.2972E-02 0.6837E-05 0.1342E-07 0.1363E-08 0.8631E-31 0.8055E-02
          8          8 0.2620E+01 0.3270E-08 0.2964E-02 0.7364E-05 0.1251E-07 0.1277E-08 0.8488E-31 0.7352E-02
          9          9 0.2935E+01 0.3141E-08 0.2957E-02 0.7653E-05 0.1202E-07 0.1217E-08 0.8483E-31 0.6709E-02
         10         10 0.3226E+01 0.3073E-08 0.2951E-02 0.7574E-05 0.1177E-07 0.1178E-08 0.8073E-31 0.6131E-02
         11         11 0.3517E+01 0.3032E-08 0.2946E-02 0.7100E-05 0.1162E-07 0.1153E-08 0.8144E-31 0.5611E-02
         12         12 0.3809E+01 0.3008E-08 0.2943E-02 0.6325E-05 0.1154E-07 0.1140E-08 0.7977E-31 0.5141E-02
         13         13 0.4098E+01 0.2992E-08 0.2940E-02 0.5362E-05 0.1148E-07 0.1132E-08 0.7925E-31 0.4709E-02
         14         14 0.4393E+01 0.2979E-08 0.2938E-02 0.4344E-05 0.1142E-07 0.1127E-08 0.8064E-31 0.4312E-02
         15         15 0.4807E+01 0.2968E-08 0.2937E-02 0.3381E-05 0.1139E-07 0.1123E-08 0.7928E-31 0.3946E-02
         16         16 0.5100E+01 0.2960E-08 0.2936E-02 0.2536E-05 0.1136E-07 0.1119E-08 0.7806E-31 0.3612E-02
         17         17 0.5401E+01 0.2955E-08 0.2935E-02 0.1835E-05 0.1133E-07 0.1116E-08 0.7818E-31 0.3312E-02
         18         18 0.5707E+01 0.2951E-08 0.2935E-02 0.1277E-05 0.1132E-07 0.1111E-08 0.7855E-31 0.3046E-02
         19         19 0.6061E+01 0.2948E-08 0.2935E-02 0.8490E-06 0.1132E-07 0.1106E-08 0.7667E-31 0.2815E-02
         20         20 0.6354E+01 0.2948E-08 0.2935E-02 0.5275E-06 0.1132E-07 0.1101E-08 0.7847E-31 0.2617E-02
         21         21 0.6638E+01 0.2949E-08 0.2935E-02 0.2857E-06 0.1133E-07 0.1097E-08 0.7632E-31 0.2451E-02
         22         22 0.6935E+01 0.2952E-08 0.2935E-02 0.1066E-06 0.1134E-07 0.1094E-08 0.7750E-31 0.2313E-02
         23         23 0.7224E+01 0.2957E-08 0.2935E-02 0.2408E-07 0.1137E-07 0.1093E-08 0.7869E-31 0.2200E-02
         24         24 0.7519E+01 0.2964E-08 0.2936E-02 0.1164E-06 0.1139E-07 0.1092E-08 0.7733E-31 0.2107E-02
         25         25 0.7817E+01 0.2972E-08 0.2936E-02 0.1791E-06 0.1143E-07 0.1090E-08 0.7845E-31 0.2032E-02
         26         26 0.8159E+01 0.2984E-08 0.2936E-02 0.2191E-06 0.1148E-07 0.1089E-08 0.7807E-31 0.1969E-02
         27         27 0.8450E+01 0.2997E-08 0.2936E-02 0.2419E-06 0.1154E-07 0.1086E-08 0.7597E-31 0.1918E-02
         28         28 0.8772E+01 0.3008E-08 0.2937E-02 0.2522E-06 0.1158E-07 0.1082E-08 0.7744E-31 0.1875E-02
         29         29 0.9083E+01 0.3016E-08 0.2937E-02 0.2534E-06 0.1162E-07 0.1078E-08 0.7889E-31 0.1838E-02
         30         30 0.9387E+01 0.3024E-08 0.2937E-02 0.2483E-06 0.1166E-07 0.1073E-08 0.7716E-31 0.1808E-02
         31         31 0.9688E+01 0.3027E-08 0.2937E-02 0.2389E-06 0.1168E-07 0.1067E-08 0.7567E-31 0.1783E-02
         32         32 0.9989E+01 0.3031E-08 0.2937E-02 0.2266E-06 0.1170E-07 0.1063E-08 0.7598E-31 0.1763E-02
         33         33 0.1030E+02 0.3035E-08 0.2938E-02 0.2126E-06 0.1172E-07 0.1058E-08 0.7604E-31 0.1749E-02
         34         34 0.1055E+02 0.3038E-08 0.2938E-02 0.1977E-06 0.1173E-07 0.1055E-08 0.7579E-31 0.1740E-02
         35         35 0.1081E+02 0.3041E-08 0.2938E-02 0.1826E-06 0.1175E-07 0.1052E-08 0.7581E-31 0.1739E-02
         36         36 0.1116E+02 0.3043E-08 0.2938E-02 0.1676E-06 0.1176E-07 0.1049E-08 0.7591E-31 0.1745E-02
         37         37 0.1146E+02 0.3045E-08 0.2938E-02 0.1533E-06 0.1177E-07 0.1047E-08 0.7620E-31 0.1759E-02
         38         38 0.1176E+02 0.3045E-08 0.2938E-02 0.1396E-06 0.1177E-07 0.1045E-08 0.7698E-31 0.1781E-02
         39         39 0.1210E+02 0.3045E-08 0.2938E-02 0.1268E-06 0.1177E-07 0.1043E-08 0.7534E-31 0.1812E-02
         40         40 0.1243E+02 0.3045E-08 0.2938E-02 0.1150E-06 0.1177E-07 0.1041E-08 0.7429E-31 0.1853E-02
         41         41 0.1273E+02 0.3044E-08 0.2939E-02 0.1042E-06 0.1177E-07 0.1040E-08 0.7537E-31 0.1902E-02
         42         42 0.1307E+02 0.3042E-08 0.2939E-02 0.9432E-07 0.1176E-07 0.1038E-08 0.7458E-31 0.1961E-02
         43         43 0.1338E+02 0.3041E-08 0.2939E-02 0.8541E-07 0.1176E-07 0.1037E-08 0.7449E-31 0.2028E-02
         44         44 0.1376E+02 0.3039E-08 0.2939E-02 0.7740E-07 0.1175E-07 0.1036E-08 0.7548E-31 0.2104E-02
         45         45 0.1417E+02 0.3037E-08 0.2939E-02 0.7022E-07 0.1175E-07 0.1035E-08 0.7506E-31 0.2186E-02
         46         46 0.1449E+02 0.3036E-08 0.2939E-02 0.6380E-07 0.1174E-07 0.1035E-08 0.7402E-31 0.2276E-02
         47         47 0.1509E+02 0.3034E-08 0.2939E-02 0.5806E-07 0.1173E-07 0.1034E-08 0.7443E-31 0.2371E-02
         48         48 0.1542E+02 0.3032E-08 0.2939E-02 0.5295E-07 0.1173E-07 0.1033E-08 0.7391E-31 0.2471E-02
         49         49 0.1574E+02 0.3031E-08 0.2939E-02 0.4838E-07 0.1172E-07 0.1033E-08 0.7502E-31 0.2574E-02
         50         50 0.1620E+02 0.3030E-08 0.2939E-02 0.4427E-07 0.1172E-07 0.1033E-08 0.7593E-31 0.2681E-02
         51         51 0.1661E+02 0.3029E-08 0.2939E-02 0.4059E-07 0.1171E-07 0.1032E-08 0.7501E-31 0.2789E-02
         52         52 0.1697E+02 0.3028E-08 0.2939E-02 0.3728E-07 0.1171E-07 0.1032E-08 0.7458E-31 0.2897E-02
         53         53 0.1737E+02 0.3027E-08 0.2939E-02 0.3430E-07 0.1171E-07 0.1032E-08 0.7450E-31 0.3006E-02
         54         54 0.1781E+02 0.3026E-08 0.2939E-02 0.3160E-07 0.1170E-07 0.1032E-08 0.7477E-31 0.3113E-02
         55         55 0.1815E+02 0.3026E-08 0.2939E-02 0.2917E-07 0.1170E-07 0.1032E-08 0.7516E-31 0.3219E-02
         56         56 0.1856E+02 0.3026E-08 0.2939E-02 0.2697E-07 0.1170E-07 0.1032E-08 0.7467E-31 0.3322E-02
         57         57 0.1902E+02 0.3026E-08 0.2939E-02 0.2499E-07 0.1170E-07 0.1032E-08 0.7465E-31 0.3422E-02
         58         58 0.1938E+02 0.3026E-08 0.2939E-02 0.2318E-07 0.1170E-07 0.1031E-08 0.7567E-31 0.3519E-02
         59         59 0.1967E+02 0.3026E-08 0.2939E-02 0.2154E-07 0.1170E-07 0.1031E-08 0.7544E-31 0.3612E-02
         60         60 0.1992E+02 0.3026E-08 0.2939E-02 0.2003E-07 0.1170E-07 0.1031E-08 0.7413E-31 0.3700E-02
         61         61 0.2021E+02 0.3026E-08 0.2939E-02 0.1864E-07 0.1170E-07 0.1031E-08 0.7450E-31 0.3784E-02
         62         62 0.2046E+02 0.3026E-08 0.2939E-02 0.1736E-07 0.1170E-07 0.1031E-08 0.7581E-31 0.3864E-02
         63         63 0.2074E+02 0.3027E-08 0.2939E-02 0.1618E-07 0.1170E-07 0.1032E-08 0.7503E-31 0.3938E-02
         64         64 0.2114E+02 0.3027E-08 0.2939E-02 0.1510E-07 0.1171E-07 0.1032E-08 0.7350E-31 0.4008E-02
         65         65 0.2142E+02 0.3027E-08 0.2939E-02 0.1411E-07 0.1171E-07 0.1032E-08 0.7475E-31 0.4073E-02
         66         66 0.2166E+02 0.3027E-08 0.2939E-02 0.1319E-07 0.1171E-07 0.1032E-08 0.7367E-31 0.4133E-02
         67         67 0.2194E+02 0.3028E-08 0.2939E-02 0.1234E-07 0.1171E-07 0.1032E-08 0.7425E-31 0.4189E-02
         68         68 0.2220E+02 0.3028E-08 0.2939E-02 0.1153E-07 0.1171E-07 0.1032E-08 0.7359E-31 0.4241E-02
         69         69 0.2247E+02 0.3028E-08 0.2939E-02 0.1077E-07 0.1171E-07 0.1032E-08 0.7369E-31 0.4288E-02
         70         70 0.2271E+02 0.3029E-08 0.2939E-02 0.1005E-07 0.1171E-07 0.1032E-08 0.7365E-31 0.4332E-02
         71         71 0.2299E+02 0.3029E-08 0.2939E-02 0.9367E-08 0.1171E-07 0.1032E-08 0.7473E-31 0.4372E-02
         72         72 0.2325E+02 0.3029E-08 0.2939E-02 0.8723E-08 0.1172E-07 0.1032E-08 0.7422E-31 0.4409E-02
         73         73 0.2351E+02 0.3030E-08 0.2939E-02 0.8120E-08 0.1172E-07 0.1032E-08 0.7487E-31 0.4443E-02
         74         74 0.2379E+02 0.3030E-08 0.2939E-02 0.7557E-08 0.1172E-07 0.1032E-08 0.7493E-31 0.4474E-02
         75         75 0.2404E+02 0.3030E-08 0.2939E-02 0.7033E-08 0.1172E-07 0.1032E-08 0.7435E-31 0.4502E-02
         76         76 0.2430E+02 0.3030E-08 0.2939E-02 0.6545E-08 0.1172E-07 0.1032E-08 0.7448E-31 0.4528E-02
         77         77 0.2455E+02 0.3030E-08 0.2939E-02 0.6091E-08 0.1172E-07 0.1032E-08 0.7531E-31 0.4552E-02
         78         78 0.2480E+02 0.3030E-08 0.2939E-02 0.5667E-08 0.1172E-07 0.1032E-08 0.7421E-31 0.4575E-02
         79         79 0.2523E+02 0.3030E-08 0.2939E-02 0.5285E-08 0.1172E-07 0.1032E-08 0.7393E-31 0.4595E-02
         80         80 0.2547E+02 0.3031E-08 0.2939E-02 0.4950E-08 0.1172E-07 0.1032E-08 0.7377E-31 0.4615E-02
         81         81 0.2572E+02 0.3031E-08 0.2939E-02 0.4656E-08 0.1172E-07 0.1032E-08 0.7512E-31 0.4633E-02
         82         82 0.2597E+02 0.3031E-08 0.2939E-02 0.4392E-08 0.1172E-07 0.1032E-08 0.7477E-31 0.4650E-02
         83         83 0.2622E+02 0.3031E-08 0.2939E-02 0.4148E-08 0.1172E-07 0.1032E-08 0.7461E-31 0.4666E-02
         84         84 0.2652E+02 0.3031E-08 0.2939E-02 0.3918E-08 0.1172E-07 0.1032E-08 0.7393E-31 0.4681E-02
         85         85 0.2678E+02 0.3031E-08 0.2939E-02 0.3686E-08 0.1172E-07 0.1032E-08 0.7507E-31 0.4696E-02
         86         86 0.2703E+02 0.3031E-08 0.2939E-02 0.3444E-08 0.1172E-07 0.1032E-08 0.7501E-31 0.4710E-02
         87         87 0.2731E+02 0.3031E-08 0.2939E-02 0.3198E-08 0.1172E-07 0.1032E-08 0.7415E-31 0.4723E-02
         88         88 0.2756E+02 0.3031E-08 0.2939E-02 0.2957E-08 0.1172E-07 0.1032E-08 0.7349E-31 0.4736E-02
         89         89 0.2781E+02 0.3031E-08 0.2939E-02 0.2730E-08 0.1172E-07 0.1032E-08 0.7526E-31 0.4748E-02
         90         90 0.2826E+02 0.3031E-08 0.2939E-02 0.2524E-08 0.1172E-07 0.1032E-08 0.7458E-31 0.4760E-02
         91         91 0.2851E+02 0.3030E-08 0.2939E-02 0.2339E-08 0.1172E-07 0.1032E-08 0.7373E-31 0.4772E-02
         92         92 0.2876E+02 0.3030E-08 0.2939E-02 0.2173E-08 0.1172E-07 0.1032E-08 0.7441E-31 0.4783E-02
         93         93 0.2901E+02 0.3030E-08 0.2939E-02 0.2025E-08 0.1172E-07 0.1032E-08 0.7470E-31 0.4794E-02
         94         94 0.2926E+02 0.3030E-08 0.2939E-02 0.1891E-08 0.1172E-07 0.1032E-08 0.7432E-31 0.4805E-02
         95         95 0.2953E+02 0.3030E-08 0.2939E-02 0.1770E-08 0.1172E-07 0.1032E-08 0.7446E-31 0.4815E-02
         96         96 0.2977E+02 0.3030E-08 0.2939E-02 0.1659E-08 0.1172E-07 0.1032E-08 0.7311E-31 0.4825E-02
         97         97 0.3002E+02 0.3030E-08 0.2939E-02 0.1559E-08 0.1172E-07 0.1032E-08 0.7478E-31 0.4835E-02
         98         98 0.3027E+02 0.3030E-08 0.2939E-02 0.1467E-08 0.1172E-07 0.1032E-08 0.7447E-31 0.4845E-02
         99         99 0.3052E+02 0.3030E-08 0.2939E-02 0.1382E-08 0.1172E-07 0.1032E-08 0.7484E-31 0.4854E-02
        100        100 0.3077E+02 0.3030E-08 0.2939E-02 0.1304E-08 0.1172E-07 0.1032E-08 0.7387E-31 0.4862E-02
        101        101 0.3105E+02 0.3030E-08 0.2939E-02 0.1230E-08 0.1172E-07 0.1032E-08 0.7492E-31 0.4871E-02
        102        102 0.3130E+02 0.3030E-08 0.2939E-02 0.1161E-08 0.1172E-07 0.1032E-08 0.7462E-31 0.4879E-02
        103        103 0.3157E+02 0.3030E-08 0.2939E-02 0.1094E-08 0.1172E-07 0.1032E-08 0.7434E-31 0.4886E-02
        104        104 0.3182E+02 0.3030E-08 0.2939E-02 0.1033E-08 0.1172E-07 0.1032E-08 0.7416E-31 0.4893E-02
        105        105 0.3207E+02 0.3030E-08 0.2939E-02 0.9742E-09 0.1172E-07 0.1032E-08 0.7420E-31 0.4901E-02
        106        106 0.3231E+02 0.3030E-08 0.2939E-02 0.9183E-09 0.1172E-07 0.1032E-08 0.7476E-31 0.4907E-02
        107        107 0.3255E+02 0.3030E-08 0.2939E-02 0.8658E-09 0.1172E-07 0.1032E-08 0.7392E-31 0.4913E-02
        108        108 0.3280E+02 0.3030E-08 0.2939E-02 0.8166E-09 0.1172E-07 0.1031E-08 0.7383E-31 0.4919E-02
        109        109 0.3306E+02 0.3030E-08 0.2939E-02 0.7703E-09 0.1172E-07 0.1031E-08 0.7491E-31 0.4925E-02
        110        110 0.3331E+02 0.3030E-08 0.2939E-02 0.7257E-09 0.1172E-07 0.1031E-08 0.7572E-31 0.4930E-02
        111        111 0.3364E+02 0.3030E-08 0.2939E-02 0.6841E-09 0.1172E-07 0.1031E-08 0.7467E-31 0.4936E-02
        112        112 0.3391E+02 0.3030E-08 0.2939E-02 0.6452E-09 0.1172E-07 0.1031E-08 0.7407E-31 0.4940E-02
        113        113 0.3416E+02 0.3030E-08 0.2940E-02 0.6085E-09 0.1172E-07 0.1031E-08 0.7519E-31 0.4945E-02
        114        114 0.3440E+02 0.3030E-08 0.2940E-02 0.5738E-09 0.1172E-07 0.1031E-08 0.7473E-31 0.4949E-02
        115        115 0.3464E+02 0.3030E-08 0.2940E-02 0.5408E-09 0.1172E-07 0.1031E-08 0.7442E-31 0.4954E-02
        116        116 0.3488E+02 0.3030E-08 0.2940E-02 0.5096E-09 0.1172E-07 0.1031E-08 0.7422E-31 0.4957E-02
        117        117 0.3515E+02 0.3030E-08 0.2940E-02 0.4798E-09 0.1172E-07 0.1031E-08 0.7405E-31 0.4961E-02
        118        118 0.3542E+02 0.3030E-08 0.2940E-02 0.4516E-09 0.1172E-07 0.1031E-08 0.7469E-31 0.4965E-02
        119        119 0.3571E+02 0.3030E-08 0.2940E-02 0.4247E-09 0.1172E-07 0.1031E-08 0.7471E-31 0.4968E-02
        120        120 0.3596E+02 0.3030E-08 0.2940E-02 0.3991E-09 0.1172E-07 0.1031E-08 0.7387E-31 0.4971E-02
