#  1  time step                
#  0  Newton iteration         
#  1  CPU time                 
#  1  overall residual drop    
#  1  total beta drop          
#  1  change in total beta drop
#  1  alpha residual drop      
#  1  momentum residual drop   
#  1  drop diameter residual   
#  1  droplet mass deficit %   
          1          1 0.2479E+00 0.8299E-07 0.2995E-02 0.8970E-06 0.2750E-06 0.6200E-07 0.2930E-30 0.1030E-01
          2          2 0.4596E+00 0.1587E-07 0.2989E-02 0.1900E-05 0.5514E-07 0.1049E-07 0.1046E-30 0.1027E-01
          3          3 0.6550E+00 0.9684E-08 0.2984E-02 0.2807E-05 0.3661E-07 0.4220E-08 0.9223E-31 0.1023E-01
          4          4 0.8456E+00 0.8746E-08 0.2979E-02 0.3613E-05 0.3400E-07 0.2742E-08 0.8965E-31 0.1010E-01
          5          5 0.1040E+01 0.8415E-08 0.2974E-02 0.4388E-05 0.3294E-07 0.2305E-08 0.8843E-31 0.9871E-02
          6          6 0.1273E+01 0.8231E-08 0.2970E-02 0.5157E-05 0.3229E-07 0.2145E-08 0.8471E-31 0.9549E-02
          7          7 0.1683E+01 0.8101E-08 0.2965E-02 0.5015E-05 0.3182E-07 0.2044E-08 0.8416E-31 0.9153E-02
          8          8 0.1913E+01 0.8009E-08 0.2961E-02 0.4730E-05 0.3148E-07 0.1983E-08 0.8210E-31 0.8702E-02
          9          9 0.2113E+01 0.7944E-08 0.2957E-02 0.4478E-05 0.3124E-07 0.1940E-08 0.8177E-31 0.8213E-02
         10         10 0.2306E+01 0.7902E-08 0.2954E-02 0.4241E-05 0.3109E-07 0.1908E-08 0.7992E-31 0.7713E-02
         11         11 0.2495E+01 0.7880E-08 0.2951E-02 0.3937E-05 0.3101E-07 0.1879E-08 0.7949E-31 0.7212E-02
         12         12 0.2686E+01 0.7873E-08 0.2949E-02 0.3541E-05 0.3099E-07 0.1858E-08 0.7870E-31 0.6729E-02
         13         13 0.2883E+01 0.7877E-08 0.2947E-02 0.3065E-05 0.3102E-07 0.1844E-08 0.7811E-31 0.6275E-02
         14         14 0.3082E+01 0.7888E-08 0.2946E-02 0.2545E-05 0.3107E-07 0.1837E-08 0.7849E-31 0.5865E-02
         15         15 0.3281E+01 0.7902E-08 0.2945E-02 0.2020E-05 0.3113E-07 0.1833E-08 0.7730E-31 0.5503E-02
         16         16 0.3559E+01 0.7916E-08 0.2944E-02 0.1527E-05 0.3118E-07 0.1833E-08 0.7766E-31 0.5203E-02
         17         17 0.3750E+01 0.7928E-08 0.2944E-02 0.1088E-05 0.3123E-07 0.1833E-08 0.7786E-31 0.4974E-02
         18         18 0.3940E+01 0.7936E-08 0.2944E-02 0.7141E-06 0.3127E-07 0.1834E-08 0.7574E-31 0.4813E-02
         19         19 0.4137E+01 0.7941E-08 0.2944E-02 0.4095E-06 0.3128E-07 0.1835E-08 0.7590E-31 0.4722E-02
         20         20 0.4329E+01 0.7941E-08 0.2945E-02 0.1705E-06 0.3128E-07 0.1835E-08 0.7563E-31 0.4691E-02
         21         21 0.4519E+01 0.7937E-08 0.2945E-02 0.1060E-07 0.3127E-07 0.1835E-08 0.7650E-31 0.4714E-02
         22         22 0.4717E+01 0.7931E-08 0.2945E-02 0.1427E-06 0.3125E-07 0.1832E-08 0.7536E-31 0.4781E-02
         23         23 0.4908E+01 0.7923E-08 0.2946E-02 0.2348E-06 0.3121E-07 0.1829E-08 0.7518E-31 0.4885E-02
         24         24 0.5106E+01 0.7914E-08 0.2946E-02 0.2946E-06 0.3118E-07 0.1827E-08 0.7554E-31 0.5016E-02
         25         25 0.5298E+01 0.7905E-08 0.2946E-02 0.3300E-06 0.3114E-07 0.1825E-08 0.7478E-31 0.5164E-02
         26         26 0.5491E+01 0.7896E-08 0.2947E-02 0.3473E-06 0.3111E-07 0.1823E-08 0.7517E-31 0.5322E-02
         27         27 0.5737E+01 0.7888E-08 0.2947E-02 0.3514E-06 0.3108E-07 0.1821E-08 0.7581E-31 0.5486E-02
         28         28 0.5925E+01 0.7881E-08 0.2947E-02 0.3462E-06 0.3105E-07 0.1820E-08 0.7412E-31 0.5650E-02
         29         29 0.6124E+01 0.7875E-08 0.2948E-02 0.3348E-06 0.3102E-07 0.1818E-08 0.7554E-31 0.5811E-02
         30         30 0.6314E+01 0.7870E-08 0.2948E-02 0.3196E-06 0.3100E-07 0.1817E-08 0.7549E-31 0.5966E-02
         31         31 0.6519E+01 0.7866E-08 0.2948E-02 0.3022E-06 0.3099E-07 0.1816E-08 0.7541E-31 0.6115E-02
         32         32 0.6720E+01 0.7863E-08 0.2948E-02 0.2837E-06 0.3098E-07 0.1816E-08 0.7501E-31 0.6255E-02
         33         33 0.6912E+01 0.7860E-08 0.2949E-02 0.2650E-06 0.3097E-07 0.1815E-08 0.7407E-31 0.6385E-02
         34         34 0.7119E+01 0.7858E-08 0.2949E-02 0.2465E-06 0.3096E-07 0.1815E-08 0.7401E-31 0.6505E-02
         35         35 0.7309E+01 0.7856E-08 0.2949E-02 0.2286E-06 0.3095E-07 0.1814E-08 0.7480E-31 0.6615E-02
         36         36 0.7500E+01 0.7855E-08 0.2949E-02 0.2113E-06 0.3094E-07 0.1814E-08 0.7458E-31 0.6715E-02
         37         37 0.7698E+01 0.7853E-08 0.2949E-02 0.1949E-06 0.3094E-07 0.1814E-08 0.7445E-31 0.6805E-02
         38         38 0.7911E+01 0.7852E-08 0.2949E-02 0.1793E-06 0.3093E-07 0.1813E-08 0.7411E-31 0.6886E-02
         39         39 0.8109E+01 0.7850E-08 0.2950E-02 0.1646E-06 0.3093E-07 0.1813E-08 0.7465E-31 0.6957E-02
         40         40 0.8300E+01 0.7849E-08 0.2950E-02 0.1509E-06 0.3092E-07 0.1813E-08 0.7456E-31 0.7021E-02
         41         41 0.8497E+01 0.7847E-08 0.2950E-02 0.1382E-06 0.3091E-07 0.1813E-08 0.7625E-31 0.7077E-02
         42         42 0.8685E+01 0.7845E-08 0.2950E-02 0.1263E-06 0.3091E-07 0.1812E-08 0.7519E-31 0.7126E-02
         43         43 0.8881E+01 0.7843E-08 0.2950E-02 0.1154E-06 0.3090E-07 0.1812E-08 0.7527E-31 0.7170E-02
         44         44 0.9308E+01 0.7841E-08 0.2950E-02 0.1053E-06 0.3089E-07 0.1812E-08 0.7376E-31 0.7207E-02
         45         45 0.9513E+01 0.7839E-08 0.2950E-02 0.9608E-07 0.3088E-07 0.1811E-08 0.7364E-31 0.7240E-02
         46         46 0.9702E+01 0.7837E-08 0.2950E-02 0.8760E-07 0.3087E-07 0.1811E-08 0.7359E-31 0.7269E-02
         47         47 0.9930E+01 0.7835E-08 0.2950E-02 0.7984E-07 0.3087E-07 0.1811E-08 0.7484E-31 0.7294E-02
         48         48 0.1013E+02 0.7833E-08 0.2950E-02 0.7275E-07 0.3086E-07 0.1810E-08 0.7313E-31 0.7315E-02
         49         49 0.1032E+02 0.7831E-08 0.2950E-02 0.6627E-07 0.3085E-07 0.1810E-08 0.7348E-31 0.7334E-02
         50         50 0.1052E+02 0.7829E-08 0.2950E-02 0.6036E-07 0.3084E-07 0.1810E-08 0.7295E-31 0.7351E-02
         51         51 0.1070E+02 0.7827E-08 0.2951E-02 0.5497E-07 0.3083E-07 0.1809E-08 0.7310E-31 0.7366E-02
         52         52 0.1090E+02 0.7825E-08 0.2951E-02 0.5007E-07 0.3083E-07 0.1809E-08 0.7343E-31 0.7379E-02
         53         53 0.1110E+02 0.7824E-08 0.2951E-02 0.4560E-07 0.3082E-07 0.1809E-08 0.7344E-31 0.7391E-02
         54         54 0.1129E+02 0.7822E-08 0.2951E-02 0.4153E-07 0.3081E-07 0.1809E-08 0.7346E-31 0.7402E-02
         55         55 0.1148E+02 0.7821E-08 0.2951E-02 0.3783E-07 0.3081E-07 0.1808E-08 0.7324E-31 0.7412E-02
         56         56 0.1168E+02 0.7819E-08 0.2951E-02 0.3446E-07 0.3080E-07 0.1808E-08 0.7311E-31 0.7421E-02
         57         57 0.1187E+02 0.7818E-08 0.2951E-02 0.3140E-07 0.3080E-07 0.1808E-08 0.7293E-31 0.7430E-02
         58         58 0.1208E+02 0.7817E-08 0.2951E-02 0.2860E-07 0.3079E-07 0.1808E-08 0.7349E-31 0.7438E-02
         59         59 0.1227E+02 0.7815E-08 0.2951E-02 0.2607E-07 0.3079E-07 0.1807E-08 0.7375E-31 0.7445E-02
         60         60 0.1248E+02 0.7814E-08 0.2951E-02 0.2376E-07 0.3078E-07 0.1807E-08 0.7453E-31 0.7453E-02
         61         61 0.1268E+02 0.7813E-08 0.2951E-02 0.2165E-07 0.3078E-07 0.1807E-08 0.7287E-31 0.7460E-02
         62         62 0.1288E+02 0.7813E-08 0.2951E-02 0.1974E-07 0.3078E-07 0.1807E-08 0.7377E-31 0.7466E-02
         63         63 0.1310E+02 0.7812E-08 0.2951E-02 0.1801E-07 0.3077E-07 0.1807E-08 0.7316E-31 0.7472E-02
         64         64 0.1330E+02 0.7811E-08 0.2951E-02 0.1643E-07 0.3077E-07 0.1807E-08 0.7328E-31 0.7478E-02
         65         65 0.1349E+02 0.7810E-08 0.2951E-02 0.1500E-07 0.3077E-07 0.1807E-08 0.7184E-31 0.7484E-02
         66         66 0.1368E+02 0.7810E-08 0.2951E-02 0.1370E-07 0.3077E-07 0.1807E-08 0.7354E-31 0.7489E-02
         67         67 0.1388E+02 0.7809E-08 0.2951E-02 0.1251E-07 0.3076E-07 0.1806E-08 0.7376E-31 0.7494E-02
         68         68 0.1417E+02 0.7809E-08 0.2951E-02 0.1144E-07 0.3076E-07 0.1806E-08 0.7386E-31 0.7499E-02
         69         69 0.1444E+02 0.7808E-08 0.2951E-02 0.1046E-07 0.3076E-07 0.1806E-08 0.7296E-31 0.7504E-02
         70         70 0.1463E+02 0.7808E-08 0.2951E-02 0.9559E-08 0.3076E-07 0.1806E-08 0.7338E-31 0.7508E-02
         71         71 0.1482E+02 0.7808E-08 0.2951E-02 0.8733E-08 0.3076E-07 0.1806E-08 0.7289E-31 0.7512E-02
         72         72 0.1501E+02 0.7807E-08 0.2951E-02 0.7972E-08 0.3076E-07 0.1806E-08 0.7299E-31 0.7515E-02
         73         73 0.1521E+02 0.7807E-08 0.2951E-02 0.7272E-08 0.3075E-07 0.1806E-08 0.7250E-31 0.7518E-02
         74         74 0.1540E+02 0.7807E-08 0.2951E-02 0.6631E-08 0.3075E-07 0.1806E-08 0.7324E-31 0.7521E-02
         75         75 0.1559E+02 0.7807E-08 0.2951E-02 0.6046E-08 0.3075E-07 0.1806E-08 0.7322E-31 0.7524E-02
         76         76 0.1579E+02 0.7806E-08 0.2951E-02 0.5519E-08 0.3075E-07 0.1806E-08 0.7355E-31 0.7526E-02
         77         77 0.1599E+02 0.7806E-08 0.2951E-02 0.5048E-08 0.3075E-07 0.1806E-08 0.7319E-31 0.7529E-02
         78         78 0.1618E+02 0.7806E-08 0.2951E-02 0.4629E-08 0.3075E-07 0.1806E-08 0.7375E-31 0.7531E-02
         79         79 0.1640E+02 0.7806E-08 0.2951E-02 0.4255E-08 0.3075E-07 0.1806E-08 0.7386E-31 0.7532E-02
         80         80 0.1659E+02 0.7806E-08 0.2951E-02 0.3917E-08 0.3075E-07 0.1806E-08 0.7316E-31 0.7534E-02
         81         81 0.1678E+02 0.7805E-08 0.2951E-02 0.3609E-08 0.3075E-07 0.1806E-08 0.7219E-31 0.7535E-02
         82         82 0.1697E+02 0.7805E-08 0.2951E-02 0.3326E-08 0.3075E-07 0.1806E-08 0.7299E-31 0.7536E-02
         83         83 0.1716E+02 0.7805E-08 0.2951E-02 0.3064E-08 0.3075E-07 0.1806E-08 0.7293E-31 0.7538E-02
         84         84 0.1736E+02 0.7805E-08 0.2951E-02 0.2822E-08 0.3075E-07 0.1806E-08 0.7327E-31 0.7539E-02
         85         85 0.1754E+02 0.7805E-08 0.2951E-02 0.2596E-08 0.3075E-07 0.1806E-08 0.7243E-31 0.7539E-02
         86         86 0.1773E+02 0.7805E-08 0.2951E-02 0.2388E-08 0.3075E-07 0.1806E-08 0.7301E-31 0.7540E-02
         87         87 0.1793E+02 0.7805E-08 0.2951E-02 0.2195E-08 0.3074E-07 0.1805E-08 0.7257E-31 0.7541E-02
         88         88 0.1812E+02 0.7804E-08 0.2951E-02 0.2017E-08 0.3074E-07 0.1805E-08 0.7302E-31 0.7541E-02
         89         89 0.1832E+02 0.7804E-08 0.2951E-02 0.1852E-08 0.3074E-07 0.1805E-08 0.7201E-31 0.7542E-02
         90         90 0.1854E+02 0.7804E-08 0.2951E-02 0.1700E-08 0.3074E-07 0.1805E-08 0.7298E-31 0.7542E-02
         91         91 0.1872E+02 0.7804E-08 0.2951E-02 0.1561E-08 0.3074E-07 0.1805E-08 0.7316E-31 0.7543E-02
         92         92 0.1892E+02 0.7804E-08 0.2951E-02 0.1432E-08 0.3074E-07 0.1805E-08 0.7294E-31 0.7543E-02
         93         93 0.1911E+02 0.7804E-08 0.2951E-02 0.1314E-08 0.3074E-07 0.1805E-08 0.7266E-31 0.7544E-02
         94         94 0.1930E+02 0.7804E-08 0.2951E-02 0.1205E-08 0.3074E-07 0.1805E-08 0.7285E-31 0.7544E-02
         95         95 0.1949E+02 0.7804E-08 0.2951E-02 0.1104E-08 0.3074E-07 0.1805E-08 0.7283E-31 0.7544E-02
         96         96 0.1968E+02 0.7804E-08 0.2951E-02 0.1012E-08 0.3074E-07 0.1805E-08 0.7294E-31 0.7545E-02
         97         97 0.1987E+02 0.7804E-08 0.2951E-02 0.9271E-09 0.3074E-07 0.1805E-08 0.7173E-31 0.7545E-02
         98         98 0.2007E+02 0.7804E-08 0.2951E-02 0.8490E-09 0.3074E-07 0.1805E-08 0.7292E-31 0.7545E-02
         99         99 0.2027E+02 0.7803E-08 0.2951E-02 0.7772E-09 0.3074E-07 0.1805E-08 0.7275E-31 0.7546E-02
        100        100 0.2046E+02 0.7803E-08 0.2951E-02 0.7112E-09 0.3074E-07 0.1805E-08 0.7363E-31 0.7546E-02
        101        101 0.2068E+02 0.7803E-08 0.2951E-02 0.6505E-09 0.3074E-07 0.1805E-08 0.7279E-31 0.7546E-02
        102        102 0.2087E+02 0.7803E-08 0.2951E-02 0.5948E-09 0.3074E-07 0.1805E-08 0.7318E-31 0.7546E-02
        103        103 0.2107E+02 0.7803E-08 0.2951E-02 0.5436E-09 0.3074E-07 0.1805E-08 0.7293E-31 0.7547E-02
        104        104 0.2127E+02 0.7803E-08 0.2951E-02 0.4966E-09 0.3074E-07 0.1805E-08 0.7274E-31 0.7547E-02
        105        105 0.2146E+02 0.7803E-08 0.2951E-02 0.4535E-09 0.3074E-07 0.1805E-08 0.7239E-31 0.7547E-02
        106        106 0.2166E+02 0.7803E-08 0.2951E-02 0.4139E-09 0.3074E-07 0.1805E-08 0.7269E-31 0.7547E-02
        107        107 0.2184E+02 0.7803E-08 0.2951E-02 0.3777E-09 0.3074E-07 0.1805E-08 0.7319E-31 0.7548E-02
        108        108 0.2204E+02 0.7803E-08 0.2951E-02 0.3444E-09 0.3074E-07 0.1805E-08 0.7334E-31 0.7548E-02
        109        109 0.2224E+02 0.7803E-08 0.2951E-02 0.3140E-09 0.3074E-07 0.1805E-08 0.7239E-31 0.7548E-02
        110        110 0.2243E+02 0.7803E-08 0.2951E-02 0.2861E-09 0.3074E-07 0.1805E-08 0.7296E-31 0.7548E-02
        111        111 0.2261E+02 0.7803E-08 0.2951E-02 0.2606E-09 0.3074E-07 0.1805E-08 0.7276E-31 0.7548E-02
        112        112 0.2284E+02 0.7802E-08 0.2951E-02 0.2373E-09 0.3074E-07 0.1805E-08 0.7259E-31 0.7549E-02
        113        113 0.2303E+02 0.7802E-08 0.2951E-02 0.2160E-09 0.3074E-07 0.1805E-08 0.7220E-31 0.7549E-02
        114        114 0.2322E+02 0.7802E-08 0.2951E-02 0.1965E-09 0.3074E-07 0.1805E-08 0.7299E-31 0.7549E-02
        115        115 0.2341E+02 0.7802E-08 0.2951E-02 0.1789E-09 0.3074E-07 0.1805E-08 0.7304E-31 0.7549E-02
        116        116 0.2360E+02 0.7802E-08 0.2951E-02 0.1628E-09 0.3074E-07 0.1805E-08 0.7312E-31 0.7549E-02
        117        117 0.2378E+02 0.7802E-08 0.2951E-02 0.1482E-09 0.3074E-07 0.1805E-08 0.7283E-31 0.7549E-02
        118        118 0.2397E+02 0.7802E-08 0.2951E-02 0.1349E-09 0.3074E-07 0.1805E-08 0.7309E-31 0.7549E-02
        119        119 0.2416E+02 0.7802E-08 0.2951E-02 0.1229E-09 0.3073E-07 0.1805E-08 0.7317E-31 0.7549E-02
        120        120 0.2435E+02 0.7802E-08 0.2951E-02 0.1120E-09 0.3073E-07 0.1805E-08 0.7341E-31 0.7549E-02
