#  1  time step                
#  0  Newton iteration         
#  1  CPU time                 
#  1  overall residual drop    
#  1  total beta drop          
#  1  change in total beta drop
#  1  alpha residual drop      
#  1  momentum residual drop   
#  1  drop diameter residual   
#  1  droplet mass deficit %   
          1          1 0.3283E+00 0.8646E-07 0.3063E-02 0.9732E-06 0.3021E-06 0.5608E-07 0.3659E-30 0.1951E-01
          2          2 0.5990E+00 0.1519E-07 0.3054E-02 0.2455E-05 0.5687E-07 0.7142E-08 0.1153E-30 0.2005E-01
          3          3 0.8723E+00 0.5442E-08 0.3044E-02 0.4037E-05 0.2049E-07 0.2451E-08 0.9807E-31 0.1973E-01
          4          4 0.1259E+01 0.3783E-08 0.3035E-02 0.5601E-05 0.1439E-07 0.1559E-08 0.9649E-31 0.1910E-01
          5          5 0.1531E+01 0.3384E-08 0.3026E-02 0.7180E-05 0.1295E-07 0.1317E-08 0.9194E-31 0.1831E-01
          6          6 0.1874E+01 0.3236E-08 0.3016E-02 0.8744E-05 0.1242E-07 0.1217E-08 0.8899E-31 0.1741E-01
          7          7 0.2229E+01 0.3158E-08 0.3007E-02 0.9255E-05 0.1214E-07 0.1159E-08 0.8892E-31 0.1646E-01
          8          8 0.2496E+01 0.3109E-08 0.2999E-02 0.9123E-05 0.1197E-07 0.1121E-08 0.8368E-31 0.1552E-01
          9          9 0.2768E+01 0.3075E-08 0.2992E-02 0.8700E-05 0.1185E-07 0.1096E-08 0.8453E-31 0.1463E-01
         10         10 0.3040E+01 0.3049E-08 0.2987E-02 0.8069E-05 0.1176E-07 0.1080E-08 0.8444E-31 0.1381E-01
         11         11 0.3304E+01 0.3029E-08 0.2982E-02 0.7199E-05 0.1168E-07 0.1069E-08 0.8541E-31 0.1307E-01
         12         12 0.3576E+01 0.3014E-08 0.2979E-02 0.6148E-05 0.1163E-07 0.1063E-08 0.8395E-31 0.1241E-01
         13         13 0.3851E+01 0.3004E-08 0.2977E-02 0.4991E-05 0.1159E-07 0.1060E-08 0.8400E-31 0.1181E-01
         14         14 0.4149E+01 0.2997E-08 0.2976E-02 0.3834E-05 0.1156E-07 0.1059E-08 0.8183E-31 0.1127E-01
         15         15 0.4416E+01 0.2993E-08 0.2976E-02 0.2775E-05 0.1154E-07 0.1058E-08 0.8380E-31 0.1078E-01
         16         16 0.4707E+01 0.2992E-08 0.2975E-02 0.1871E-05 0.1154E-07 0.1058E-08 0.8184E-31 0.1031E-01
         17         17 0.5098E+01 0.2992E-08 0.2975E-02 0.1146E-05 0.1154E-07 0.1058E-08 0.8252E-31 0.9880E-02
         18         18 0.5378E+01 0.2994E-08 0.2976E-02 0.5891E-06 0.1155E-07 0.1057E-08 0.8085E-31 0.9469E-02
         19         19 0.5668E+01 0.2997E-08 0.2976E-02 0.1961E-06 0.1156E-07 0.1055E-08 0.7975E-31 0.9079E-02
         20         20 0.5940E+01 0.3000E-08 0.2977E-02 0.7784E-07 0.1158E-07 0.1053E-08 0.8087E-31 0.8711E-02
         21         21 0.6219E+01 0.3003E-08 0.2977E-02 0.2683E-06 0.1159E-07 0.1051E-08 0.8054E-31 0.8363E-02
         22         22 0.6492E+01 0.3007E-08 0.2978E-02 0.3944E-06 0.1161E-07 0.1049E-08 0.8068E-31 0.8035E-02
         23         23 0.6832E+01 0.3011E-08 0.2978E-02 0.4784E-06 0.1163E-07 0.1047E-08 0.7993E-31 0.7727E-02
         24         24 0.7101E+01 0.3015E-08 0.2979E-02 0.5327E-06 0.1164E-07 0.1045E-08 0.7872E-31 0.7438E-02
         25         25 0.7371E+01 0.3019E-08 0.2979E-02 0.5637E-06 0.1166E-07 0.1044E-08 0.8071E-31 0.7167E-02
         26         26 0.7641E+01 0.3023E-08 0.2980E-02 0.5759E-06 0.1168E-07 0.1042E-08 0.8086E-31 0.6915E-02
         27         27 0.7910E+01 0.3026E-08 0.2981E-02 0.5726E-06 0.1170E-07 0.1041E-08 0.7909E-31 0.6680E-02
         28         28 0.8179E+01 0.3030E-08 0.2981E-02 0.5579E-06 0.1171E-07 0.1040E-08 0.7974E-31 0.6463E-02
         29         29 0.8488E+01 0.3033E-08 0.2982E-02 0.5364E-06 0.1173E-07 0.1039E-08 0.8027E-31 0.6262E-02
         30         30 0.8761E+01 0.3037E-08 0.2982E-02 0.5108E-06 0.1174E-07 0.1039E-08 0.7910E-31 0.6077E-02
         31         31 0.9032E+01 0.3040E-08 0.2982E-02 0.4832E-06 0.1175E-07 0.1038E-08 0.7911E-31 0.5907E-02
         32         32 0.9295E+01 0.3042E-08 0.2983E-02 0.4546E-06 0.1176E-07 0.1037E-08 0.7956E-31 0.5752E-02
         33         33 0.9565E+01 0.3044E-08 0.2983E-02 0.4263E-06 0.1177E-07 0.1036E-08 0.7995E-31 0.5611E-02
         34         34 0.9844E+01 0.3044E-08 0.2983E-02 0.3985E-06 0.1178E-07 0.1034E-08 0.7989E-31 0.5483E-02
         35         35 0.1012E+02 0.3044E-08 0.2984E-02 0.3717E-06 0.1178E-07 0.1031E-08 0.7933E-31 0.5368E-02
         36         36 0.1043E+02 0.3043E-08 0.2984E-02 0.3459E-06 0.1178E-07 0.1028E-08 0.8000E-31 0.5264E-02
         37         37 0.1071E+02 0.3042E-08 0.2984E-02 0.3213E-06 0.1177E-07 0.1025E-08 0.8026E-31 0.5172E-02
         38         38 0.1098E+02 0.3039E-08 0.2985E-02 0.2979E-06 0.1177E-07 0.1021E-08 0.7625E-31 0.5089E-02
         39         39 0.1125E+02 0.3037E-08 0.2985E-02 0.2759E-06 0.1176E-07 0.1016E-08 0.7863E-31 0.5017E-02
         40         40 0.1154E+02 0.3034E-08 0.2985E-02 0.2552E-06 0.1175E-07 0.1012E-08 0.7548E-31 0.4953E-02
         41         41 0.1181E+02 0.3031E-08 0.2985E-02 0.2360E-06 0.1174E-07 0.1008E-08 0.7798E-31 0.4898E-02
         42         42 0.1208E+02 0.3028E-08 0.2985E-02 0.2181E-06 0.1173E-07 0.1005E-08 0.7522E-31 0.4850E-02
         43         43 0.1234E+02 0.3026E-08 0.2986E-02 0.2015E-06 0.1172E-07 0.1002E-08 0.7755E-31 0.4809E-02
         44         44 0.1264E+02 0.3023E-08 0.2986E-02 0.1862E-06 0.1172E-07 0.9994E-09 0.7528E-31 0.4774E-02
         45         45 0.1292E+02 0.3021E-08 0.2986E-02 0.1721E-06 0.1171E-07 0.9969E-09 0.7779E-31 0.4745E-02
         46         46 0.1320E+02 0.3019E-08 0.2986E-02 0.1591E-06 0.1170E-07 0.9947E-09 0.7587E-31 0.4721E-02
         47         47 0.1347E+02 0.3018E-08 0.2986E-02 0.1471E-06 0.1170E-07 0.9930E-09 0.7809E-31 0.4701E-02
         48         48 0.1376E+02 0.3017E-08 0.2986E-02 0.1361E-06 0.1170E-07 0.9917E-09 0.7537E-31 0.4686E-02
         49         49 0.1403E+02 0.3017E-08 0.2986E-02 0.1259E-06 0.1170E-07 0.9905E-09 0.7688E-31 0.4674E-02
         50         50 0.1434E+02 0.3014E-08 0.2986E-02 0.1164E-06 0.1169E-07 0.9891E-09 0.7531E-31 0.4665E-02
         51         51 0.1461E+02 0.3013E-08 0.2986E-02 0.1077E-06 0.1168E-07 0.9878E-09 0.7646E-31 0.4659E-02
         52         52 0.1491E+02 0.3011E-08 0.2987E-02 0.9972E-07 0.1168E-07 0.9867E-09 0.7507E-31 0.4656E-02
         53         53 0.1518E+02 0.3010E-08 0.2987E-02 0.9231E-07 0.1167E-07 0.9861E-09 0.7712E-31 0.4654E-02
         54         54 0.1545E+02 0.3010E-08 0.2987E-02 0.8544E-07 0.1167E-07 0.9858E-09 0.7548E-31 0.4654E-02
         55         55 0.1572E+02 0.3010E-08 0.2987E-02 0.7907E-07 0.1167E-07 0.9858E-09 0.7739E-31 0.4656E-02
         56         56 0.1600E+02 0.3010E-08 0.2987E-02 0.7314E-07 0.1167E-07 0.9861E-09 0.7538E-31 0.4659E-02
         57         57 0.1626E+02 0.3010E-08 0.2987E-02 0.6762E-07 0.1167E-07 0.9866E-09 0.7735E-31 0.4662E-02
         58         58 0.1654E+02 0.3011E-08 0.2987E-02 0.6244E-07 0.1167E-07 0.9874E-09 0.7492E-31 0.4666E-02
         59         59 0.1684E+02 0.3012E-08 0.2987E-02 0.5760E-07 0.1168E-07 0.9884E-09 0.7674E-31 0.4671E-02
         60         60 0.1714E+02 0.3014E-08 0.2987E-02 0.5307E-07 0.1168E-07 0.9896E-09 0.7465E-31 0.4675E-02
         61         61 0.1742E+02 0.3015E-08 0.2987E-02 0.4883E-07 0.1169E-07 0.9910E-09 0.7686E-31 0.4680E-02
         62         62 0.1770E+02 0.3017E-08 0.2987E-02 0.4487E-07 0.1170E-07 0.9924E-09 0.7540E-31 0.4684E-02
         63         63 0.1798E+02 0.3019E-08 0.2987E-02 0.4117E-07 0.1170E-07 0.9940E-09 0.7732E-31 0.4688E-02
         64         64 0.1825E+02 0.3022E-08 0.2987E-02 0.3771E-07 0.1171E-07 0.9956E-09 0.7564E-31 0.4691E-02
         65         65 0.1853E+02 0.3024E-08 0.2987E-02 0.3449E-07 0.1172E-07 0.9972E-09 0.7664E-31 0.4694E-02
         66         66 0.1880E+02 0.3026E-08 0.2987E-02 0.3149E-07 0.1173E-07 0.9987E-09 0.7483E-31 0.4697E-02
         67         67 0.1908E+02 0.3028E-08 0.2987E-02 0.2870E-07 0.1174E-07 0.1000E-08 0.7685E-31 0.4699E-02
         68         68 0.1936E+02 0.3031E-08 0.2987E-02 0.2609E-07 0.1174E-07 0.1001E-08 0.7541E-31 0.4701E-02
         69         69 0.1965E+02 0.3033E-08 0.2987E-02 0.2366E-07 0.1175E-07 0.1003E-08 0.7696E-31 0.4703E-02
         70         70 0.1992E+02 0.3035E-08 0.2987E-02 0.2140E-07 0.1176E-07 0.1004E-08 0.7543E-31 0.4704E-02
         71         71 0.2018E+02 0.3037E-08 0.2987E-02 0.1929E-07 0.1177E-07 0.1005E-08 0.7687E-31 0.4706E-02
         72         72 0.2045E+02 0.3039E-08 0.2987E-02 0.1734E-07 0.1177E-07 0.1006E-08 0.7558E-31 0.4708E-02
         73         73 0.2073E+02 0.3040E-08 0.2987E-02 0.1553E-07 0.1178E-07 0.1007E-08 0.7717E-31 0.4711E-02
         74         74 0.2102E+02 0.3041E-08 0.2987E-02 0.1387E-07 0.1178E-07 0.1007E-08 0.7475E-31 0.4714E-02
         75         75 0.2132E+02 0.3042E-08 0.2987E-02 0.1233E-07 0.1179E-07 0.1007E-08 0.7620E-31 0.4718E-02
         76         76 0.2162E+02 0.3043E-08 0.2987E-02 0.1093E-07 0.1179E-07 0.1007E-08 0.7502E-31 0.4724E-02
         77         77 0.2191E+02 0.3044E-08 0.2987E-02 0.9643E-08 0.1179E-07 0.1007E-08 0.7690E-31 0.4731E-02
         78         78 0.2218E+02 0.3044E-08 0.2987E-02 0.8472E-08 0.1180E-07 0.1007E-08 0.7563E-31 0.4740E-02
         79         79 0.2245E+02 0.3044E-08 0.2987E-02 0.7404E-08 0.1180E-07 0.1006E-08 0.7683E-31 0.4750E-02
         80         80 0.2274E+02 0.3045E-08 0.2987E-02 0.6436E-08 0.1180E-07 0.1006E-08 0.7609E-31 0.4763E-02
         81         81 0.2300E+02 0.3045E-08 0.2987E-02 0.5556E-08 0.1180E-07 0.1006E-08 0.7676E-31 0.4777E-02
         82         82 0.2340E+02 0.3045E-08 0.2987E-02 0.4759E-08 0.1180E-07 0.1006E-08 0.7509E-31 0.4794E-02
         83         83 0.2369E+02 0.3046E-08 0.2987E-02 0.4039E-08 0.1180E-07 0.1005E-08 0.7693E-31 0.4812E-02
         84         84 0.2396E+02 0.3046E-08 0.2987E-02 0.3383E-08 0.1180E-07 0.1005E-08 0.7494E-31 0.4833E-02
         85         85 0.2423E+02 0.3046E-08 0.2987E-02 0.2794E-08 0.1180E-07 0.1005E-08 0.7668E-31 0.4856E-02
         86         86 0.2451E+02 0.3046E-08 0.2987E-02 0.2261E-08 0.1180E-07 0.1005E-08 0.7507E-31 0.4880E-02
         87         87 0.2480E+02 0.3046E-08 0.2987E-02 0.1782E-08 0.1180E-07 0.1004E-08 0.7628E-31 0.4906E-02
         88         88 0.2508E+02 0.3046E-08 0.2987E-02 0.1352E-08 0.1180E-07 0.1004E-08 0.7533E-31 0.4934E-02
         89         89 0.2536E+02 0.3046E-08 0.2987E-02 0.9670E-09 0.1180E-07 0.1004E-08 0.7642E-31 0.4963E-02
         90         90 0.2567E+02 0.3045E-08 0.2987E-02 0.6272E-09 0.1180E-07 0.1004E-08 0.7444E-31 0.4994E-02
         91         91 0.2594E+02 0.3045E-08 0.2987E-02 0.3254E-09 0.1180E-07 0.1004E-08 0.7647E-31 0.5025E-02
         92         92 0.2621E+02 0.3045E-08 0.2987E-02 0.5931E-10 0.1180E-07 0.1003E-08 0.7541E-31 0.5058E-02
         93         93 0.2648E+02 0.3045E-08 0.2987E-02 0.1735E-09 0.1180E-07 0.1003E-08 0.7690E-31 0.5090E-02
         94         94 0.2675E+02 0.3045E-08 0.2987E-02 0.3754E-09 0.1180E-07 0.1003E-08 0.7565E-31 0.5123E-02
         95         95 0.2703E+02 0.3045E-08 0.2987E-02 0.5504E-09 0.1180E-07 0.1003E-08 0.7594E-31 0.5156E-02
         96         96 0.2730E+02 0.3044E-08 0.2987E-02 0.7016E-09 0.1180E-07 0.1003E-08 0.7569E-31 0.5190E-02
         97         97 0.2757E+02 0.3044E-08 0.2987E-02 0.8302E-09 0.1180E-07 0.1002E-08 0.7685E-31 0.5222E-02
         98         98 0.2790E+02 0.3044E-08 0.2987E-02 0.9383E-09 0.1180E-07 0.1002E-08 0.7566E-31 0.5254E-02
         99         99 0.2817E+02 0.3044E-08 0.2987E-02 0.1028E-08 0.1180E-07 0.1002E-08 0.7663E-31 0.5286E-02
        100        100 0.2844E+02 0.3044E-08 0.2987E-02 0.1100E-08 0.1180E-07 0.1002E-08 0.7598E-31 0.5317E-02
        101        101 0.2873E+02 0.3043E-08 0.2987E-02 0.1158E-08 0.1180E-07 0.1002E-08 0.7681E-31 0.5347E-02
        102        102 0.2901E+02 0.3043E-08 0.2987E-02 0.1201E-08 0.1180E-07 0.1002E-08 0.7529E-31 0.5375E-02
        103        103 0.2928E+02 0.3043E-08 0.2987E-02 0.1232E-08 0.1180E-07 0.1001E-08 0.7644E-31 0.5403E-02
        104        104 0.2956E+02 0.3043E-08 0.2987E-02 0.1253E-08 0.1179E-07 0.1001E-08 0.7616E-31 0.5430E-02
        105        105 0.2992E+02 0.3043E-08 0.2987E-02 0.1263E-08 0.1179E-07 0.1001E-08 0.7681E-31 0.5455E-02
        106        106 0.3019E+02 0.3042E-08 0.2987E-02 0.1265E-08 0.1179E-07 0.1001E-08 0.7507E-31 0.5479E-02
        107        107 0.3046E+02 0.3042E-08 0.2987E-02 0.1259E-08 0.1179E-07 0.1001E-08 0.7583E-31 0.5501E-02
        108        108 0.3073E+02 0.3042E-08 0.2987E-02 0.1247E-08 0.1179E-07 0.1001E-08 0.7523E-31 0.5523E-02
        109        109 0.3102E+02 0.3042E-08 0.2987E-02 0.1230E-08 0.1179E-07 0.1001E-08 0.7642E-31 0.5543E-02
        110        110 0.3129E+02 0.3042E-08 0.2987E-02 0.1207E-08 0.1179E-07 0.1001E-08 0.7544E-31 0.5562E-02
        111        111 0.3155E+02 0.3041E-08 0.2987E-02 0.1181E-08 0.1179E-07 0.1000E-08 0.7627E-31 0.5579E-02
        112        112 0.3183E+02 0.3041E-08 0.2987E-02 0.1151E-08 0.1179E-07 0.1000E-08 0.7584E-31 0.5596E-02
        113        113 0.3213E+02 0.3041E-08 0.2987E-02 0.1118E-08 0.1179E-07 0.1000E-08 0.7676E-31 0.5611E-02
        114        114 0.3239E+02 0.3041E-08 0.2987E-02 0.1083E-08 0.1179E-07 0.1000E-08 0.7445E-31 0.5625E-02
        115        115 0.3267E+02 0.3041E-08 0.2987E-02 0.1046E-08 0.1179E-07 0.1000E-08 0.7607E-31 0.5638E-02
        116        116 0.3296E+02 0.3041E-08 0.2987E-02 0.1008E-08 0.1179E-07 0.9999E-09 0.7572E-31 0.5649E-02
        117        117 0.3323E+02 0.3041E-08 0.2987E-02 0.9697E-09 0.1179E-07 0.9998E-09 0.7718E-31 0.5660E-02
        118        118 0.3349E+02 0.3040E-08 0.2987E-02 0.9305E-09 0.1179E-07 0.9998E-09 0.7549E-31 0.5670E-02
        119        119 0.3377E+02 0.3040E-08 0.2987E-02 0.8911E-09 0.1179E-07 0.9997E-09 0.7640E-31 0.5680E-02
        120        120 0.3407E+02 0.3040E-08 0.2987E-02 0.8518E-09 0.1179E-07 0.9996E-09 0.7545E-31 0.5688E-02
