#  1  time step                
#  0  Newton iteration         
#  1  CPU time                 
#  1  overall residual flow    
#  1  Navier-Stokes residual   
#  1  energy residual          
#  1  Spalart-Allmaras residual
#  1  lift coefficient         
#  1  drag coefficient         
#  1  first order heat flux    
#  1  second order heat flux   
#  1  mass inflow , kg/s       
#  1  mass outflow, kg/s       
#  1  mass deficit, kg/s       
#  1  H inflow, kJ/s           
#  1  H outflow kJ/s           
#  1  H deficit kJ/s           
          1          1 0.1367E+01 0.1322E-04 0.1224E-04 0.4988E-05 0.1468E-04 -.4470E-01 0.6324E+00 0.0000E+00 0.0000E+00 -.9967E+02 0.9967E+02 -.1421E-13 -.2648E+05 0.2648E+05 -.7276E-11
          2          2 0.2679E+01 0.1174E-04 0.1117E-04 0.3621E-05 0.2032E-04 0.7945E+00 0.1212E+01 -.1002E+02 0.9332E+03 -.9967E+02 0.9967E+02 0.1279E-12 -.2648E+05 0.2648E+05 0.3274E-10
          3          3 0.3926E+01 0.9833E-05 0.9446E-05 0.2730E-05 0.1653E-04 0.1164E+01 0.1378E+01 -.2872E+02 0.5988E+03 -.9967E+02 0.9967E+02 0.2984E-12 -.2648E+05 0.2648E+05 0.7276E-10
          4          4 0.5041E+01 0.8384E-05 0.8052E-05 0.2334E-05 0.1449E-04 0.1270E+01 0.1377E+01 -.5027E+02 0.3911E+03 -.9967E+02 0.9967E+02 0.3979E-12 -.2648E+05 0.2648E+05 0.1055E-09
          5          5 0.5975E+01 0.7605E-05 0.7248E-05 0.2304E-05 0.1233E-04 0.1279E+01 0.1313E+01 -.6238E+02 0.2490E+03 -.9967E+02 0.9967E+02 0.4974E-12 -.2648E+05 0.2648E+05 0.1273E-09
          6          6 0.6970E+01 0.7574E-05 0.7143E-05 0.2519E-05 0.1020E-04 0.1264E+01 0.1237E+01 -.6484E+02 0.1559E+03 -.9967E+02 0.9967E+02 0.5258E-12 -.2648E+05 0.2648E+05 0.1382E-09
          7          7 0.9338E+01 0.7999E-05 0.7476E-05 0.2843E-05 0.8372E-05 0.1256E+01 0.1170E+01 -.6091E+02 0.9805E+02 -.9967E+02 0.9967E+02 0.5542E-12 -.2648E+05 0.2648E+05 0.1455E-09
          8          8 0.1041E+02 0.8450E-05 0.7825E-05 0.3189E-05 0.6875E-05 0.1253E+01 0.1111E+01 -.5441E+02 0.6319E+02 -.9967E+02 0.9967E+02 0.5684E-12 -.2648E+05 0.2648E+05 0.1528E-09
          9          9 0.1137E+02 0.8755E-05 0.8030E-05 0.3489E-05 0.5700E-05 0.1255E+01 0.1057E+01 -.4733E+02 0.4192E+02 -.9967E+02 0.9967E+02 0.5826E-12 -.2648E+05 0.2648E+05 0.1564E-09
         10         10 0.1230E+02 0.8929E-05 0.8136E-05 0.3677E-05 0.4898E-05 0.1261E+01 0.1004E+01 -.4067E+02 0.2871E+02 -.9967E+02 0.9967E+02 0.5684E-12 -.2648E+05 0.2648E+05 0.1419E-09
         11         11 0.1324E+02 0.9027E-05 0.8200E-05 0.3774E-05 0.4453E-05 0.1269E+01 0.9521E+00 -.3475E+02 0.2035E+02 -.9967E+02 0.9967E+02 0.5684E-12 -.2648E+05 0.2648E+05 0.1455E-09
         12         12 0.1423E+02 0.9048E-05 0.8192E-05 0.3841E-05 0.4251E-05 0.1278E+01 0.8987E+00 -.2966E+02 0.1499E+02 -.9967E+02 0.9967E+02 0.5826E-12 -.2648E+05 0.2648E+05 0.1492E-09
         13         13 0.1515E+02 0.9009E-05 0.8106E-05 0.3933E-05 0.4173E-05 0.1286E+01 0.8421E+00 -.2539E+02 0.1148E+02 -.9967E+02 0.9967E+02 0.5684E-12 -.2648E+05 0.2648E+05 0.1455E-09
         14         14 0.1606E+02 0.9021E-05 0.8027E-05 0.4118E-05 0.4143E-05 0.1292E+01 0.7833E+00 -.2188E+02 0.9073E+01 -.9967E+02 0.9967E+02 0.5258E-12 -.2648E+05 0.2648E+05 0.1310E-09
         15         15 0.1698E+02 0.9188E-05 0.8050E-05 0.4428E-05 0.4154E-05 0.1296E+01 0.7263E+00 -.1897E+02 0.7343E+01 -.9967E+02 0.9967E+02 -.1364E-11 -.2648E+05 0.2648E+05 -.3711E-09
         16         16 0.1795E+02 0.9528E-05 0.8202E-05 0.4849E-05 0.4213E-05 0.1297E+01 0.6742E+00 -.1653E+02 0.6079E+01 -.9967E+02 0.9967E+02 -.4115E-10 -.2648E+05 0.2648E+05 -.1098E-07
         17         17 0.1890E+02 0.9994E-05 0.8450E-05 0.5338E-05 0.4305E-05 0.1294E+01 0.6291E+00 -.1447E+02 0.5135E+01 -.9967E+02 0.9967E+02 -.6238E-09 -.2648E+05 0.2648E+05 -.1662E-06
         18         18 0.1984E+02 0.1050E-04 0.8735E-05 0.5832E-05 0.4436E-05 0.1286E+01 0.5907E+00 -.1270E+02 0.4460E+01 -.9967E+02 0.9967E+02 -.6786E-08 -.2648E+05 0.2648E+05 -.1808E-05
         19         19 0.2077E+02 0.1096E-04 0.8992E-05 0.6264E-05 0.4604E-05 0.1274E+01 0.5565E+00 -.1119E+02 0.3985E+01 -.9967E+02 0.9967E+02 -.5476E-07 -.2648E+05 0.2648E+05 -.1459E-04
         20         20 0.2173E+02 0.1127E-04 0.9161E-05 0.6563E-05 0.4797E-05 0.1256E+01 0.5239E+00 -.9902E+01 0.3631E+01 -.9967E+02 0.9967E+02 -.4879E-06 -.2648E+05 0.2648E+05 -.1302E-03
         21         21 0.2266E+02 0.1136E-04 0.9187E-05 0.6680E-05 0.5031E-05 0.1231E+01 0.4905E+00 -.8802E+01 0.3368E+01 -.9967E+02 0.9967E+02 -.2425E-05 -.2648E+05 0.2648E+05 -.6455E-03
         22         22 0.2358E+02 0.1120E-04 0.9041E-05 0.6604E-05 0.5339E-05 0.1201E+01 0.4558E+00 -.7847E+01 0.3168E+01 -.9967E+02 0.9967E+02 -.9133E-05 -.2648E+05 0.2648E+05 -.2430E-02
         23         23 0.2454E+02 0.1080E-04 0.8725E-05 0.6364E-05 0.5756E-05 0.1163E+01 0.4171E+00 -.7014E+01 0.3032E+01 -.9967E+02 0.9967E+02 -.3637E-04 -.2648E+05 0.2648E+05 -.9678E-02
         24         24 0.2544E+02 0.1023E-04 0.8267E-05 0.6021E-05 0.6284E-05 0.1119E+01 0.3747E+00 -.6282E+01 0.2958E+01 -.9967E+02 0.9967E+02 -.1306E-03 -.2648E+05 0.2648E+05 -.3478E-01
         25         25 0.2645E+02 0.9558E-05 0.7718E-05 0.5639E-05 0.6917E-05 0.1068E+01 0.3288E+00 -.5624E+01 0.2941E+01 -.9967E+02 0.9967E+02 -.3887E-03 -.2648E+05 0.2648E+05 -.1035E+00
         26         26 0.2737E+02 0.8864E-05 0.7130E-05 0.5266E-05 0.7610E-05 0.1011E+01 0.2805E+00 -.5007E+01 0.3010E+01 -.9967E+02 0.9967E+02 -.1019E-02 -.2648E+05 0.2648E+05 -.2713E+00
         27         27 0.2834E+02 0.8202E-05 0.6559E-05 0.4924E-05 0.8284E-05 0.9471E+00 0.2316E+00 -.4402E+01 0.3201E+01 -.9967E+02 0.9967E+02 -.2386E-02 -.2648E+05 0.2647E+05 -.6354E+00
         28         28 0.2923E+02 0.7619E-05 0.6056E-05 0.4623E-05 0.8874E-05 0.8777E+00 0.1836E+00 -.3787E+01 0.3551E+01 -.9967E+02 0.9966E+02 -.4979E-02 -.2648E+05 0.2647E+05 -.1326E+01
         29         29 0.3018E+02 0.7166E-05 0.5673E-05 0.4379E-05 0.9304E-05 0.8036E+00 0.1384E+00 -.3163E+01 0.4065E+01 -.9967E+02 0.9966E+02 -.9384E-02 -.2648E+05 0.2647E+05 -.2498E+01
         30         30 0.3113E+02 0.6882E-05 0.5445E-05 0.4208E-05 0.9570E-05 0.7255E+00 0.9709E-01 -.2572E+01 0.4674E+01 -.9967E+02 0.9965E+02 -.1601E-01 -.2648E+05 0.2647E+05 -.4260E+01
         31         31 0.3205E+02 0.6777E-05 0.5378E-05 0.4124E-05 0.9753E-05 0.6432E+00 0.6029E-01 -.2090E+01 0.5215E+01 -.9967E+02 0.9965E+02 -.2476E-01 -.2648E+05 0.2647E+05 -.6589E+01
         32         32 0.3303E+02 0.6815E-05 0.5435E-05 0.4111E-05 0.1000E-04 0.5580E+00 0.2889E-01 -.1761E+01 0.5487E+01 -.9967E+02 0.9964E+02 -.3469E-01 -.2648E+05 0.2647E+05 -.9231E+01
         33         33 0.3397E+02 0.6919E-05 0.5553E-05 0.4128E-05 0.1051E-04 0.4705E+00 0.3233E-02 -.1579E+01 0.5409E+01 -.9967E+02 0.9963E+02 -.4377E-01 -.2648E+05 0.2646E+05 -.1165E+02
         34         34 0.3492E+02 0.7005E-05 0.5662E-05 0.4126E-05 0.1134E-04 0.3804E+00 -.1659E-01 -.1519E+01 0.5030E+01 -.9967E+02 0.9963E+02 -.4904E-01 -.2648E+05 0.2646E+05 -.1305E+02
         35         35 0.3585E+02 0.7009E-05 0.5707E-05 0.4068E-05 0.1237E-04 0.2894E+00 -.3028E-01 -.1591E+01 0.4451E+01 -.9968E+02 0.9963E+02 -.4709E-01 -.2648E+05 0.2647E+05 -.1253E+02
         36         36 0.3680E+02 0.6905E-05 0.5663E-05 0.3950E-05 0.1338E-04 0.1998E+00 -.3776E-01 -.1553E+01 0.3705E+01 -.9968E+02 0.9965E+02 -.3495E-01 -.2648E+05 0.2647E+05 -.9294E+01
         37         37 0.3774E+02 0.6713E-05 0.5536E-05 0.3798E-05 0.1426E-04 0.1142E+00 -.3909E-01 -.1512E+01 0.3175E+01 -.9969E+02 0.9968E+02 -.1102E-01 -.2648E+05 0.2648E+05 -.2925E+01
         38         38 0.3868E+02 0.6484E-05 0.5358E-05 0.3651E-05 0.1501E-04 0.3567E-01 -.3450E-01 -.1471E+01 0.2718E+01 -.9969E+02 0.9972E+02 0.2411E-01 -.2648E+05 0.2649E+05 0.6420E+01
         39         39 0.3964E+02 0.6264E-05 0.5174E-05 0.3531E-05 0.1561E-04 -.3051E-01 -.2458E-01 -.1433E+01 0.2329E+01 -.9970E+02 0.9977E+02 0.6728E-01 -.2648E+05 0.2650E+05 0.1790E+02
         40         40 0.4056E+02 0.6070E-05 0.5008E-05 0.3429E-05 0.1605E-04 -.8041E-01 -.1010E-01 -.1394E+01 0.2001E+01 -.9971E+02 0.9982E+02 0.1131E+00 -.2649E+05 0.2652E+05 0.3009E+02
         41         41 0.4164E+02 0.5876E-05 0.4850E-05 0.3317E-05 0.1633E-04 -.1109E+00 0.7995E-02 -.1351E+01 0.1728E+01 -.9971E+02 0.9986E+02 0.1549E+00 -.2649E+05 0.2653E+05 0.4121E+02
         42         42 0.4258E+02 0.5646E-05 0.4669E-05 0.3174E-05 0.1658E-04 -.1203E+00 0.2873E-01 -.1298E+01 0.1512E+01 -.9971E+02 0.9990E+02 0.1859E+00 -.2649E+05 0.2654E+05 0.4945E+02
         43         43 0.4353E+02 0.5363E-05 0.4442E-05 0.3004E-05 0.1667E-04 -.1076E+00 0.5098E-01 -.1241E+01 0.1352E+01 -.9971E+02 0.9991E+02 0.2006E+00 -.2649E+05 0.2654E+05 0.5333E+02
         44         44 0.4444E+02 0.5049E-05 0.4174E-05 0.2841E-05 0.1673E-04 -.7296E-01 0.7384E-01 -.1180E+01 0.1237E+01 -.9971E+02 0.9990E+02 0.1954E+00 -.2649E+05 0.2654E+05 0.5195E+02
         45         45 0.4540E+02 0.4757E-05 0.3903E-05 0.2721E-05 0.1700E-04 -.1793E-01 0.9595E-01 -.1112E+01 0.1161E+01 -.9970E+02 0.9987E+02 0.1700E+00 -.2648E+05 0.2653E+05 0.4518E+02
         46         46 0.4634E+02 0.4536E-05 0.3678E-05 0.2655E-05 0.1720E-04 0.5511E-01 0.1163E+00 -.1036E+01 0.1130E+01 -.9969E+02 0.9982E+02 0.1268E+00 -.2648E+05 0.2651E+05 0.3368E+02
         47         47 0.4730E+02 0.4405E-05 0.3532E-05 0.2633E-05 0.1802E-04 0.1436E+00 0.1340E+00 -.9466E+00 0.1133E+01 -.9968E+02 0.9975E+02 0.7068E-01 -.2648E+05 0.2650E+05 0.1876E+02
         48         48 0.4823E+02 0.4352E-05 0.3466E-05 0.2631E-05 0.1913E-04 0.2440E+00 0.1482E+00 -.8549E+00 0.1170E+01 -.9967E+02 0.9968E+02 0.8406E-02 -.2648E+05 0.2648E+05 0.2206E+01
         49         49 0.4915E+02 0.4354E-05 0.3460E-05 0.2643E-05 0.2037E-04 0.3515E+00 0.1581E+00 -.7755E+00 0.1205E+01 -.9966E+02 0.9961E+02 -.5259E-01 -.2647E+05 0.2646E+05 -.1401E+02
         50         50 0.5014E+02 0.4401E-05 0.3490E-05 0.2681E-05 0.2142E-04 0.4619E+00 0.1635E+00 -.7138E+00 0.1206E+01 -.9965E+02 0.9955E+02 -.1051E+00 -.2647E+05 0.2644E+05 -.2796E+02
         51         51 0.5108E+02 0.4492E-05 0.3545E-05 0.2759E-05 0.2249E-04 0.5706E+00 0.1644E+00 -.6663E+00 0.1167E+01 -.9965E+02 0.9951E+02 -.1432E+00 -.2647E+05 0.2643E+05 -.3806E+02
         52         52 0.5203E+02 0.4623E-05 0.3620E-05 0.2875E-05 0.2365E-04 0.6725E+00 0.1612E+00 -.6269E+00 0.1104E+01 -.9964E+02 0.9948E+02 -.1627E+00 -.2647E+05 0.2643E+05 -.4325E+02
         53         53 0.5294E+02 0.4767E-05 0.3703E-05 0.3003E-05 0.2491E-04 0.7631E+00 0.1546E+00 -.5913E+00 0.1034E+01 -.9964E+02 0.9948E+02 -.1622E+00 -.2647E+05 0.2642E+05 -.4309E+02
         54         54 0.5389E+02 0.4883E-05 0.3769E-05 0.3105E-05 0.2539E-04 0.8371E+00 0.1452E+00 -.5603E+00 0.9675E+00 -.9964E+02 0.9949E+02 -.1425E+00 -.2647E+05 0.2643E+05 -.3786E+02
         55         55 0.5482E+02 0.4930E-05 0.3792E-05 0.3150E-05 0.2580E-04 0.8906E+00 0.1340E+00 -.5350E+00 0.9048E+00 -.9964E+02 0.9953E+02 -.1072E+00 -.2647E+05 0.2644E+05 -.2846E+02
         56         56 0.5574E+02 0.4882E-05 0.3752E-05 0.3124E-05 0.2645E-04 0.9218E+00 0.1217E+00 -.5127E+00 0.8437E+00 -.9964E+02 0.9957E+02 -.6127E-01 -.2647E+05 0.2645E+05 -.1624E+02
         57         57 0.5674E+02 0.4740E-05 0.3644E-05 0.3031E-05 0.2746E-04 0.9299E+00 0.1092E+00 -.4891E+00 0.7864E+00 -.9964E+02 0.9963E+02 -.1076E-01 -.2647E+05 0.2646E+05 -.2818E+01
         58         58 0.5767E+02 0.4526E-05 0.3482E-05 0.2892E-05 0.2829E-04 0.9157E+00 0.9703E-01 -.4591E+00 0.7372E+00 -.9964E+02 0.9968E+02 0.3802E-01 -.2647E+05 0.2648E+05 0.1015E+02
         59         59 0.5861E+02 0.4287E-05 0.3296E-05 0.2742E-05 0.2937E-04 0.8815E+00 0.8565E-01 -.4267E+00 0.7020E+00 -.9964E+02 0.9972E+02 0.7937E-01 -.2647E+05 0.2649E+05 0.2113E+02
         60         60 0.5956E+02 0.4078E-05 0.3125E-05 0.2621E-05 0.3094E-04 0.8306E+00 0.7549E-01 -.3959E+00 0.6747E+00 -.9965E+02 0.9976E+02 0.1087E+00 -.2647E+05 0.2650E+05 0.2893E+02
         61         61 0.6055E+02 0.3952E-05 0.3010E-05 0.2561E-05 0.3217E-04 0.7676E+00 0.6683E-01 -.3687E+00 0.6493E+00 -.9965E+02 0.9978E+02 0.1231E+00 -.2647E+05 0.2650E+05 0.3274E+02
         62         62 0.6147E+02 0.3936E-05 0.2976E-05 0.2575E-05 0.3408E-04 0.6980E+00 0.5989E-01 -.3465E+00 0.6235E+00 -.9966E+02 0.9978E+02 0.1214E+00 -.2647E+05 0.2651E+05 0.3229E+02
         63         63 0.6240E+02 0.4019E-05 0.3022E-05 0.2649E-05 0.3608E-04 0.6271E+00 0.5475E-01 -.3296E+00 0.5962E+00 -.9967E+02 0.9977E+02 0.1045E+00 -.2648E+05 0.2650E+05 0.2778E+02
         64         64 0.6336E+02 0.4157E-05 0.3117E-05 0.2751E-05 0.3828E-04 0.5612E+00 0.5147E-01 -.3184E+00 0.5668E+00 -.9968E+02 0.9975E+02 0.7489E-01 -.2648E+05 0.2650E+05 0.1990E+02
         65         65 0.6431E+02 0.4297E-05 0.3220E-05 0.2846E-05 0.4035E-04 0.5048E+00 0.4994E-01 -.3134E+00 0.5353E+00 -.9968E+02 0.9972E+02 0.3631E-01 -.2648E+05 0.2649E+05 0.9637E+01
         66         66 0.6528E+02 0.4392E-05 0.3293E-05 0.2906E-05 0.4307E-04 0.4622E+00 0.4998E-01 -.3141E+00 0.5006E+00 -.9969E+02 0.9968E+02 -.6616E-02 -.2648E+05 0.2648E+05 -.1777E+01
         67         67 0.6619E+02 0.4413E-05 0.3311E-05 0.2917E-05 0.4599E-04 0.4356E+00 0.5132E-01 -.3184E+00 0.4627E+00 -.9969E+02 0.9964E+02 -.4916E-01 -.2648E+05 0.2647E+05 -.1309E+02
         68         68 0.6713E+02 0.4353E-05 0.3266E-05 0.2878E-05 0.4900E-04 0.4259E+00 0.5369E-01 -.3239E+00 0.4238E+00 -.9970E+02 0.9961E+02 -.8690E-01 -.2648E+05 0.2646E+05 -.2312E+02
         69         69 0.6806E+02 0.4225E-05 0.3163E-05 0.2801E-05 0.5239E-04 0.4332E+00 0.5671E-01 -.3261E+00 0.3865E+00 -.9970E+02 0.9958E+02 -.1161E+00 -.2648E+05 0.2645E+05 -.3088E+02
         70         70 0.6905E+02 0.4055E-05 0.3022E-05 0.2704E-05 0.5600E-04 0.4560E+00 0.6006E-01 -.3218E+00 0.3567E+00 -.9970E+02 0.9956E+02 -.1341E+00 -.2648E+05 0.2645E+05 -.3565E+02
         71         71 0.7000E+02 0.3878E-05 0.2868E-05 0.2610E-05 0.6074E-04 0.4919E+00 0.6337E-01 -.3114E+00 0.3383E+00 -.9969E+02 0.9955E+02 -.1393E+00 -.2648E+05 0.2644E+05 -.3704E+02
         72         72 0.7093E+02 0.3728E-05 0.2731E-05 0.2537E-05 0.6551E-04 0.5373E+00 0.6627E-01 -.2990E+00 0.3305E+00 -.9969E+02 0.9956E+02 -.1319E+00 -.2648E+05 0.2645E+05 -.3508E+02
         73         73 0.7187E+02 0.3626E-05 0.2632E-05 0.2494E-05 0.7039E-04 0.5882E+00 0.6850E-01 -.2863E+00 0.3264E+00 -.9968E+02 0.9957E+02 -.1133E+00 -.2648E+05 0.2645E+05 -.3011E+02
         74         74 0.7281E+02 0.3573E-05 0.2576E-05 0.2476E-05 0.7549E-04 0.6404E+00 0.6986E-01 -.2740E+00 0.3238E+00 -.9968E+02 0.9959E+02 -.8569E-01 -.2648E+05 0.2646E+05 -.2277E+02
         75         75 0.7374E+02 0.3550E-05 0.2551E-05 0.2469E-05 0.8166E-04 0.6899E+00 0.7025E-01 -.2629E+00 0.3212E+00 -.9967E+02 0.9962E+02 -.5244E-01 -.2648E+05 0.2646E+05 -.1393E+02
         76         76 0.7467E+02 0.3529E-05 0.2535E-05 0.2455E-05 0.8782E-04 0.7330E+00 0.6966E-01 -.2526E+00 0.3177E+00 -.9967E+02 0.9965E+02 -.1714E-01 -.2648E+05 0.2647E+05 -.4551E+01
         77         77 0.7562E+02 0.3485E-05 0.2505E-05 0.2422E-05 0.9441E-04 0.7670E+00 0.6819E-01 -.2439E+00 0.3136E+00 -.9967E+02 0.9968E+02 0.1662E-01 -.2647E+05 0.2648E+05 0.4427E+01
         78         78 0.7655E+02 0.3406E-05 0.2450E-05 0.2367E-05 0.1018E-03 0.7904E+00 0.6600E-01 -.2379E+00 0.3076E+00 -.9966E+02 0.9971E+02 0.4579E-01 -.2647E+05 0.2649E+05 0.1218E+02
         79         79 0.7747E+02 0.3293E-05 0.2365E-05 0.2291E-05 0.1101E-03 0.8029E+00 0.6329E-01 -.2337E+00 0.2980E+00 -.9966E+02 0.9973E+02 0.6806E-01 -.2647E+05 0.2649E+05 0.1810E+02
         80         80 0.7840E+02 0.3155E-05 0.2259E-05 0.2203E-05 0.1183E-03 0.8049E+00 0.6027E-01 -.2303E+00 0.2859E+00 -.9966E+02 0.9974E+02 0.8201E-01 -.2647E+05 0.2650E+05 0.2180E+02
         81         81 0.7936E+02 0.3010E-05 0.2144E-05 0.2112E-05 0.1278E-03 0.7979E+00 0.5714E-01 -.2274E+00 0.2730E+00 -.9966E+02 0.9975E+02 0.8720E-01 -.2647E+05 0.2650E+05 0.2318E+02
         82         82 0.8029E+02 0.2872E-05 0.2032E-05 0.2029E-05 0.1384E-03 0.7835E+00 0.5411E-01 -.2248E+00 0.2596E+00 -.9966E+02 0.9975E+02 0.8416E-01 -.2647E+05 0.2650E+05 0.2237E+02
         83         83 0.8127E+02 0.2752E-05 0.1934E-05 0.1957E-05 0.1496E-03 0.7640E+00 0.5136E-01 -.2225E+00 0.2460E+00 -.9967E+02 0.9974E+02 0.7421E-01 -.2647E+05 0.2649E+05 0.1972E+02
         84         84 0.8219E+02 0.2652E-05 0.1852E-05 0.1898E-05 0.1612E-03 0.7420E+00 0.4903E-01 -.2204E+00 0.2324E+00 -.9967E+02 0.9973E+02 0.5941E-01 -.2648E+05 0.2649E+05 0.1578E+02
         85         85 0.8310E+02 0.2566E-05 0.1783E-05 0.1846E-05 0.1745E-03 0.7201E+00 0.4719E-01 -.2184E+00 0.2190E+00 -.9967E+02 0.9971E+02 0.4206E-01 -.2648E+05 0.2649E+05 0.1116E+02
         86         86 0.8403E+02 0.2485E-05 0.1717E-05 0.1796E-05 0.1886E-03 0.7006E+00 0.4588E-01 -.2163E+00 0.2063E+00 -.9967E+02 0.9970E+02 0.2450E-01 -.2648E+05 0.2648E+05 0.6491E+01
         87         87 0.8495E+02 0.2398E-05 0.1647E-05 0.1743E-05 0.2056E-03 0.6855E+00 0.4508E-01 -.2149E+00 0.1944E+00 -.9967E+02 0.9968E+02 0.8760E-02 -.2648E+05 0.2648E+05 0.2304E+01
         88         88 0.8587E+02 0.2301E-05 0.1568E-05 0.1685E-05 0.2246E-03 0.6759E+00 0.4472E-01 -.2144E+00 0.1824E+00 -.9968E+02 0.9967E+02 -.3645E-02 -.2648E+05 0.2648E+05 -.9983E+00
         89         89 0.8682E+02 0.2193E-05 0.1477E-05 0.1621E-05 0.2440E-03 0.6724E+00 0.4468E-01 -.2143E+00 0.1702E+00 -.9968E+02 0.9967E+02 -.1187E-01 -.2648E+05 0.2647E+05 -.3188E+01
         90         90 0.8775E+02 0.2075E-05 0.1377E-05 0.1553E-05 0.2667E-03 0.6749E+00 0.4485E-01 -.2151E+00 0.1581E+00 -.9968E+02 0.9966E+02 -.1571E-01 -.2648E+05 0.2647E+05 -.4213E+01
         91         91 0.8870E+02 0.1954E-05 0.1274E-05 0.1481E-05 0.2909E-03 0.6828E+00 0.4510E-01 -.2149E+00 0.1459E+00 -.9968E+02 0.9966E+02 -.1554E-01 -.2648E+05 0.2647E+05 -.4171E+01
         92         92 0.8961E+02 0.1833E-05 0.1173E-05 0.1409E-05 0.3217E-03 0.6951E+00 0.4533E-01 -.2145E+00 0.1359E+00 -.9968E+02 0.9966E+02 -.1218E-01 -.2648E+05 0.2647E+05 -.3283E+01
         93         93 0.9055E+02 0.1719E-05 0.1080E-05 0.1337E-05 0.3508E-03 0.7104E+00 0.4543E-01 -.2143E+00 0.1271E+00 -.9968E+02 0.9967E+02 -.6770E-02 -.2648E+05 0.2648E+05 -.1847E+01
         94         94 0.9148E+02 0.1614E-05 0.9987E-06 0.1268E-05 0.3846E-03 0.7270E+00 0.4532E-01 -.2140E+00 0.1189E+00 -.9967E+02 0.9967E+02 -.5450E-03 -.2648E+05 0.2648E+05 -.1946E+00
         95         95 0.9239E+02 0.1521E-05 0.9315E-06 0.1202E-05 0.4237E-03 0.7433E+00 0.4496E-01 -.2136E+00 0.1115E+00 -.9967E+02 0.9968E+02 0.5341E-02 -.2648E+05 0.2648E+05 0.1368E+01
         96         96 0.9336E+02 0.1439E-05 0.8784E-06 0.1140E-05 0.4626E-03 0.7579E+00 0.4432E-01 -.2144E+00 0.1047E+00 -.9967E+02 0.9968E+02 0.9984E-02 -.2648E+05 0.2648E+05 0.2602E+01
         97         97 0.9429E+02 0.1367E-05 0.8367E-06 0.1081E-05 0.5058E-03 0.7696E+00 0.4346E-01 -.2167E+00 0.9688E-01 -.9967E+02 0.9968E+02 0.1281E-01 -.2648E+05 0.2648E+05 0.3354E+01
         98         98 0.9522E+02 0.1303E-05 0.8030E-06 0.1026E-05 0.5465E-03 0.7775E+00 0.4241E-01 -.2199E+00 0.8741E-01 -.9967E+02 0.9968E+02 0.1364E-01 -.2648E+05 0.2648E+05 0.3574E+01
         99         99 0.9618E+02 0.1243E-05 0.7732E-06 0.9735E-06 0.5899E-03 0.7815E+00 0.4126E-01 -.2239E+00 0.7672E-01 -.9967E+02 0.9968E+02 0.1261E-01 -.2648E+05 0.2648E+05 0.3301E+01
        100        100 0.9714E+02 0.1187E-05 0.7442E-06 0.9243E-06 0.6350E-03 0.7819E+00 0.4009E-01 -.2280E+00 0.6520E-01 -.9967E+02 0.9968E+02 0.1010E-01 -.2648E+05 0.2648E+05 0.2639E+01
        101        101 0.9809E+02 0.1132E-05 0.7140E-06 0.8781E-06 0.6782E-03 0.7792E+00 0.3897E-01 -.2312E+00 0.5388E-01 -.9967E+02 0.9967E+02 0.6651E-02 -.2648E+05 0.2648E+05 0.1725E+01
        102        102 0.9902E+02 0.1078E-05 0.6821E-06 0.8347E-06 0.7211E-03 0.7743E+00 0.3798E-01 -.2335E+00 0.4413E-01 -.9967E+02 0.9967E+02 0.2813E-02 -.2648E+05 0.2648E+05 0.7089E+00
        103        103 0.9999E+02 0.1026E-05 0.6490E-06 0.7944E-06 0.7620E-03 0.7681E+00 0.3718E-01 -.2350E+00 0.3580E-01 -.9967E+02 0.9967E+02 -.9053E-03 -.2648E+05 0.2647E+05 -.2751E+00
        104        104 0.1009E+03 0.9761E-06 0.6159E-06 0.7572E-06 0.7994E-03 0.7617E+00 0.3660E-01 -.2355E+00 0.2877E-01 -.9967E+02 0.9966E+02 -.4109E-02 -.2648E+05 0.2647E+05 -.1122E+01
        105        105 0.1019E+03 0.9296E-06 0.5841E-06 0.7232E-06 0.8343E-03 0.7559E+00 0.3625E-01 -.2350E+00 0.2348E-01 -.9967E+02 0.9966E+02 -.6551E-02 -.2648E+05 0.2647E+05 -.1767E+01
        106        106 0.1028E+03 0.8872E-06 0.5548E-06 0.6924E-06 0.8662E-03 0.7515E+00 0.3613E-01 -.2340E+00 0.1979E-01 -.9967E+02 0.9966E+02 -.8129E-02 -.2648E+05 0.2647E+05 -.2182E+01
        107        107 0.1037E+03 0.8491E-06 0.5286E-06 0.6644E-06 0.8916E-03 0.7490E+00 0.3620E-01 -.2329E+00 0.1692E-01 -.9967E+02 0.9966E+02 -.8871E-02 -.2648E+05 0.2647E+05 -.2376E+01
        108        108 0.1046E+03 0.8151E-06 0.5056E-06 0.6393E-06 0.9143E-03 0.7486E+00 0.3641E-01 -.2316E+00 0.1440E-01 -.9967E+02 0.9966E+02 -.8892E-02 -.2648E+05 0.2647E+05 -.2378E+01
        109        109 0.1056E+03 0.7848E-06 0.4854E-06 0.6168E-06 0.9299E-03 0.7502E+00 0.3668E-01 -.2305E+00 0.1219E-01 -.9967E+02 0.9966E+02 -.8350E-02 -.2648E+05 0.2647E+05 -.2230E+01
        110        110 0.1066E+03 0.7578E-06 0.4674E-06 0.5965E-06 0.9429E-03 0.7536E+00 0.3695E-01 -.2299E+00 0.9951E-02 -.9967E+02 0.9966E+02 -.7405E-02 -.2648E+05 0.2647E+05 -.1976E+01
        111        111 0.1075E+03 0.7334E-06 0.4511E-06 0.5782E-06 0.9457E-03 0.7583E+00 0.3714E-01 -.2295E+00 0.7080E-02 -.9967E+02 0.9967E+02 -.6193E-02 -.2648E+05 0.2647E+05 -.1651E+01
        112        112 0.1085E+03 0.7109E-06 0.4359E-06 0.5616E-06 0.9411E-03 0.7636E+00 0.3722E-01 -.2289E+00 0.4071E-02 -.9967E+02 0.9967E+02 -.4808E-02 -.2648E+05 0.2648E+05 -.1281E+01
        113        113 0.1094E+03 0.6899E-06 0.4213E-06 0.5464E-06 0.9305E-03 0.7691E+00 0.3713E-01 -.2282E+00 0.1544E-02 -.9967E+02 0.9967E+02 -.3304E-02 -.2648E+05 0.2648E+05 -.8788E+00
        114        114 0.1103E+03 0.6700E-06 0.4070E-06 0.5323E-06 0.9135E-03 0.7741E+00 0.3687E-01 -.2277E+00 -.7620E-03 -.9967E+02 0.9967E+02 -.1708E-02 -.2648E+05 0.2648E+05 -.4522E+00
        115        115 0.1113E+03 0.6510E-06 0.3929E-06 0.5191E-06 0.8913E-03 0.7782E+00 0.3644E-01 -.2275E+00 -.3138E-02 -.9967E+02 0.9967E+02 -.3828E-04 -.2648E+05 0.2648E+05 -.5982E-02
        116        116 0.1122E+03 0.6328E-06 0.3790E-06 0.5068E-06 0.8651E-03 0.7811E+00 0.3587E-01 -.2282E+00 -.5780E-02 -.9967E+02 0.9967E+02 0.1679E-02 -.2648E+05 0.2648E+05 0.4527E+00
        117        117 0.1131E+03 0.6154E-06 0.3654E-06 0.4952E-06 0.8347E-03 0.7827E+00 0.3522E-01 -.2292E+00 -.9426E-02 -.9967E+02 0.9968E+02 0.3395E-02 -.2648E+05 0.2648E+05 0.9110E+00
        118        118 0.1141E+03 0.5988E-06 0.3522E-06 0.4843E-06 0.8046E-03 0.7832E+00 0.3452E-01 -.2304E+00 -.1357E-01 -.9967E+02 0.9968E+02 0.5037E-02 -.2648E+05 0.2648E+05 0.1350E+01
        119        119 0.1151E+03 0.5829E-06 0.3394E-06 0.4738E-06 0.7728E-03 0.7827E+00 0.3385E-01 -.2315E+00 -.1773E-01 -.9967E+02 0.9968E+02 0.6514E-02 -.2648E+05 0.2648E+05 0.1744E+01
        120        120 0.1161E+03 0.5674E-06 0.3271E-06 0.4637E-06 0.7435E-03 0.7815E+00 0.3325E-01 -.2324E+00 -.2158E-01 -.9967E+02 0.9968E+02 0.7728E-02 -.2648E+05 0.2648E+05 0.2069E+01
        121        121 0.1171E+03 0.5522E-06 0.3151E-06 0.4535E-06 0.7167E-03 0.7800E+00 0.3276E-01 -.2330E+00 -.2496E-01 -.9967E+02 0.9968E+02 0.8590E-02 -.2648E+05 0.2648E+05 0.2300E+01
        122        122 0.1180E+03 0.5369E-06 0.3032E-06 0.4430E-06 0.6936E-03 0.7785E+00 0.3240E-01 -.2331E+00 -.2767E-01 -.9967E+02 0.9968E+02 0.9034E-02 -.2648E+05 0.2648E+05 0.2419E+01
        123        123 0.1190E+03 0.5211E-06 0.2913E-06 0.4321E-06 0.6762E-03 0.7773E+00 0.3218E-01 -.2328E+00 -.2959E-01 -.9967E+02 0.9968E+02 0.9031E-02 -.2648E+05 0.2648E+05 0.2419E+01
        124        124 0.1199E+03 0.5047E-06 0.2792E-06 0.4205E-06 0.6638E-03 0.7765E+00 0.3209E-01 -.2322E+00 -.3069E-01 -.9967E+02 0.9968E+02 0.8593E-02 -.2648E+05 0.2648E+05 0.2304E+01
        125        125 0.1208E+03 0.4876E-06 0.2669E-06 0.4081E-06 0.6545E-03 0.7764E+00 0.3211E-01 -.2316E+00 -.3132E-01 -.9967E+02 0.9968E+02 0.7773E-02 -.2648E+05 0.2648E+05 0.2086E+01
        126        126 0.1218E+03 0.4697E-06 0.2544E-06 0.3949E-06 0.6511E-03 0.7768E+00 0.3220E-01 -.2309E+00 -.3173E-01 -.9967E+02 0.9968E+02 0.6657E-02 -.2648E+05 0.2648E+05 0.1790E+01
        127        127 0.1227E+03 0.4512E-06 0.2418E-06 0.3809E-06 0.6497E-03 0.7778E+00 0.3231E-01 -.2301E+00 -.3208E-01 -.9967E+02 0.9968E+02 0.5354E-02 -.2648E+05 0.2648E+05 0.1444E+01
        128        128 0.1237E+03 0.4322E-06 0.2293E-06 0.3664E-06 0.6514E-03 0.7792E+00 0.3242E-01 -.2292E+00 -.3227E-01 -.9967E+02 0.9967E+02 0.3981E-02 -.2648E+05 0.2648E+05 0.1078E+01
        129        129 0.1246E+03 0.4129E-06 0.2169E-06 0.3513E-06 0.6551E-03 0.7808E+00 0.3248E-01 -.2284E+00 -.3237E-01 -.9967E+02 0.9967E+02 0.2649E-02 -.2648E+05 0.2648E+05 0.7238E+00
        130        130 0.1256E+03 0.3933E-06 0.2048E-06 0.3358E-06 0.6609E-03 0.7825E+00 0.3246E-01 -.2276E+00 -.3249E-01 -.9967E+02 0.9967E+02 0.1447E-02 -.2648E+05 0.2648E+05 0.4037E+00
        131        131 0.1266E+03 0.3737E-06 0.1930E-06 0.3200E-06 0.6695E-03 0.7839E+00 0.3234E-01 -.2267E+00 -.3262E-01 -.9967E+02 0.9967E+02 0.4383E-03 -.2648E+05 0.2648E+05 0.1349E+00
        132        132 0.1275E+03 0.3542E-06 0.1815E-06 0.3042E-06 0.6769E-03 0.7851E+00 0.3213E-01 -.2258E+00 -.3270E-01 -.9967E+02 0.9967E+02 -.3452E-03 -.2648E+05 0.2648E+05 -.7417E-01
        133        133 0.1284E+03 0.3349E-06 0.1703E-06 0.2883E-06 0.6849E-03 0.7859E+00 0.3184E-01 -.2251E+00 -.3277E-01 -.9967E+02 0.9967E+02 -.9011E-03 -.2648E+05 0.2648E+05 -.2228E+00
        134        134 0.1294E+03 0.3159E-06 0.1595E-06 0.2726E-06 0.6929E-03 0.7863E+00 0.3148E-01 -.2248E+00 -.3307E-01 -.9967E+02 0.9967E+02 -.1251E-02 -.2648E+05 0.2648E+05 -.3167E+00
        135        135 0.1303E+03 0.2972E-06 0.1492E-06 0.2571E-06 0.7011E-03 0.7863E+00 0.3110E-01 -.2247E+00 -.3385E-01 -.9967E+02 0.9967E+02 -.1430E-02 -.2648E+05 0.2648E+05 -.3652E+00
        136        136 0.1312E+03 0.2791E-06 0.1393E-06 0.2418E-06 0.7086E-03 0.7860E+00 0.3071E-01 -.2247E+00 -.3482E-01 -.9967E+02 0.9967E+02 -.1481E-02 -.2648E+05 0.2648E+05 -.3797E+00
        137        137 0.1322E+03 0.2616E-06 0.1301E-06 0.2270E-06 0.7153E-03 0.7854E+00 0.3035E-01 -.2247E+00 -.3583E-01 -.9967E+02 0.9967E+02 -.1446E-02 -.2648E+05 0.2648E+05 -.3712E+00
        138        138 0.1331E+03 0.2448E-06 0.1214E-06 0.2125E-06 0.7217E-03 0.7847E+00 0.3003E-01 -.2247E+00 -.3675E-01 -.9967E+02 0.9967E+02 -.1360E-02 -.2648E+05 0.2648E+05 -.3492E+00
        139        139 0.1340E+03 0.2287E-06 0.1135E-06 0.1986E-06 0.7263E-03 0.7839E+00 0.2979E-01 -.2246E+00 -.3747E-01 -.9967E+02 0.9967E+02 -.1247E-02 -.2648E+05 0.2648E+05 -.3199E+00
        140        140 0.1350E+03 0.2134E-06 0.1061E-06 0.1852E-06 0.7293E-03 0.7833E+00 0.2962E-01 -.2243E+00 -.3792E-01 -.9967E+02 0.9967E+02 -.1120E-02 -.2648E+05 0.2648E+05 -.2870E+00
        141        141 0.1359E+03 0.1990E-06 0.9947E-07 0.1723E-06 0.7305E-03 0.7827E+00 0.2951E-01 -.2239E+00 -.3805E-01 -.9967E+02 0.9967E+02 -.9841E-03 -.2648E+05 0.2648E+05 -.2515E+00
        142        142 0.1369E+03 0.1853E-06 0.9337E-07 0.1601E-06 0.7301E-03 0.7823E+00 0.2945E-01 -.2234E+00 -.3789E-01 -.9967E+02 0.9967E+02 -.8359E-03 -.2648E+05 0.2648E+05 -.2128E+00
        143        143 0.1378E+03 0.1725E-06 0.8779E-07 0.1485E-06 0.7280E-03 0.7821E+00 0.2943E-01 -.2228E+00 -.3751E-01 -.9967E+02 0.9967E+02 -.6720E-03 -.2648E+05 0.2648E+05 -.1699E+00
        144        144 0.1388E+03 0.1605E-06 0.8267E-07 0.1375E-06 0.7241E-03 0.7819E+00 0.2944E-01 -.2222E+00 -.3700E-01 -.9967E+02 0.9967E+02 -.4895E-03 -.2648E+05 0.2648E+05 -.1220E+00
        145        145 0.1397E+03 0.1492E-06 0.7797E-07 0.1273E-06 0.7186E-03 0.7818E+00 0.2944E-01 -.2214E+00 -.3638E-01 -.9967E+02 0.9967E+02 -.2889E-03 -.2648E+05 0.2648E+05 -.6923E-01
        146        146 0.1406E+03 0.1388E-06 0.7363E-07 0.1176E-06 0.7132E-03 0.7817E+00 0.2943E-01 -.2207E+00 -.3567E-01 -.9967E+02 0.9967E+02 -.7539E-04 -.2648E+05 0.2648E+05 -.1304E-01
        147        147 0.1416E+03 0.1291E-06 0.6963E-07 0.1087E-06 0.7052E-03 0.7816E+00 0.2939E-01 -.2199E+00 -.3496E-01 -.9967E+02 0.9967E+02 0.1420E-03 -.2648E+05 0.2648E+05 0.4422E-01
        148        148 0.1425E+03 0.1200E-06 0.6592E-07 0.1003E-06 0.6961E-03 0.7814E+00 0.2933E-01 -.2191E+00 -.3428E-01 -.9967E+02 0.9967E+02 0.3515E-03 -.2648E+05 0.2648E+05 0.9943E-01
        149        149 0.1434E+03 0.1117E-06 0.6247E-07 0.9262E-07 0.6854E-03 0.7811E+00 0.2923E-01 -.2184E+00 -.3367E-01 -.9967E+02 0.9967E+02 0.5406E-03 -.2648E+05 0.2648E+05 0.1493E+00
        150        150 0.1443E+03 0.1040E-06 0.5925E-07 0.8550E-07 0.6804E-03 0.7807E+00 0.2911E-01 -.2177E+00 -.3313E-01 -.9967E+02 0.9967E+02 0.6976E-03 -.2648E+05 0.2648E+05 0.1906E+00
        151        151 0.1453E+03 0.9691E-07 0.5622E-07 0.7893E-07 0.6688E-03 0.7801E+00 0.2897E-01 -.2171E+00 -.3269E-01 -.9967E+02 0.9967E+02 0.8133E-03 -.2648E+05 0.2648E+05 0.2211E+00
        152        152 0.1463E+03 0.9029E-07 0.5334E-07 0.7285E-07 0.6572E-03 0.7795E+00 0.2883E-01 -.2166E+00 -.3235E-01 -.9967E+02 0.9967E+02 0.8819E-03 -.2648E+05 0.2648E+05 0.2391E+00
        153        153 0.1473E+03 0.8413E-07 0.5057E-07 0.6723E-07 0.6464E-03 0.7788E+00 0.2869E-01 -.2162E+00 -.3209E-01 -.9967E+02 0.9967E+02 0.9017E-03 -.2648E+05 0.2648E+05 0.2441E+00
        154        154 0.1482E+03 0.7836E-07 0.4788E-07 0.6204E-07 0.6351E-03 0.7781E+00 0.2857E-01 -.2158E+00 -.3188E-01 -.9967E+02 0.9967E+02 0.8741E-03 -.2648E+05 0.2648E+05 0.2367E+00
        155        155 0.1492E+03 0.7299E-07 0.4527E-07 0.5725E-07 0.6223E-03 0.7773E+00 0.2846E-01 -.2155E+00 -.3169E-01 -.9967E+02 0.9967E+02 0.8039E-03 -.2648E+05 0.2648E+05 0.2179E+00
        156        156 0.1501E+03 0.6799E-07 0.4276E-07 0.5287E-07 0.6089E-03 0.7766E+00 0.2838E-01 -.2151E+00 -.3148E-01 -.9967E+02 0.9967E+02 0.6975E-03 -.2648E+05 0.2648E+05 0.1895E+00
        157        157 0.1510E+03 0.6339E-07 0.4037E-07 0.4888E-07 0.5956E-03 0.7759E+00 0.2833E-01 -.2147E+00 -.3121E-01 -.9967E+02 0.9967E+02 0.5629E-03 -.2648E+05 0.2648E+05 0.1537E+00
        158        158 0.1520E+03 0.5917E-07 0.3812E-07 0.4525E-07 0.5822E-03 0.7753E+00 0.2829E-01 -.2144E+00 -.3089E-01 -.9967E+02 0.9967E+02 0.4083E-03 -.2648E+05 0.2648E+05 0.1126E+00
        159        159 0.1529E+03 0.5529E-07 0.3601E-07 0.4195E-07 0.5687E-03 0.7746E+00 0.2828E-01 -.2139E+00 -.3049E-01 -.9967E+02 0.9967E+02 0.2420E-03 -.2648E+05 0.2648E+05 0.6834E-01
        160        160 0.1539E+03 0.5169E-07 0.3403E-07 0.3890E-07 0.5552E-03 0.7740E+00 0.2827E-01 -.2133E+00 -.2995E-01 -.9967E+02 0.9967E+02 0.7204E-04 -.2648E+05 0.2648E+05 0.2310E-01
        161        161 0.1548E+03 0.4831E-07 0.3215E-07 0.3606E-07 0.5413E-03 0.7734E+00 0.2827E-01 -.2126E+00 -.2928E-01 -.9967E+02 0.9967E+02 -.9420E-04 -.2648E+05 0.2648E+05 -.2116E-01
        162        162 0.1558E+03 0.4510E-07 0.3036E-07 0.3336E-07 0.5278E-03 0.7728E+00 0.2827E-01 -.2119E+00 -.2858E-01 -.9967E+02 0.9967E+02 -.2498E-03 -.2648E+05 0.2648E+05 -.6263E-01
        163        163 0.1567E+03 0.4205E-07 0.2864E-07 0.3079E-07 0.5145E-03 0.7722E+00 0.2826E-01 -.2113E+00 -.2781E-01 -.9967E+02 0.9967E+02 -.3885E-03 -.2648E+05 0.2648E+05 -.9962E-01
        164        164 0.1577E+03 0.3917E-07 0.2703E-07 0.2835E-07 0.5013E-03 0.7716E+00 0.2825E-01 -.2107E+00 -.2715E-01 -.9967E+02 0.9967E+02 -.5046E-03 -.2648E+05 0.2648E+05 -.1306E+00
        165        165 0.1586E+03 0.3648E-07 0.2554E-07 0.2605E-07 0.4884E-03 0.7710E+00 0.2823E-01 -.2101E+00 -.2653E-01 -.9967E+02 0.9967E+02 -.5933E-03 -.2648E+05 0.2648E+05 -.1544E+00
        166        166 0.1595E+03 0.3403E-07 0.2419E-07 0.2393E-07 0.4768E-03 0.7703E+00 0.2820E-01 -.2096E+00 -.2596E-01 -.9967E+02 0.9967E+02 -.6510E-03 -.2648E+05 0.2648E+05 -.1699E+00
        167        167 0.1604E+03 0.3182E-07 0.2300E-07 0.2199E-07 0.4646E-03 0.7697E+00 0.2817E-01 -.2091E+00 -.2546E-01 -.9967E+02 0.9967E+02 -.6759E-03 -.2648E+05 0.2648E+05 -.1767E+00
        168        168 0.1614E+03 0.2985E-07 0.2195E-07 0.2023E-07 0.4531E-03 0.7690E+00 0.2813E-01 -.2087E+00 -.2498E-01 -.9967E+02 0.9967E+02 -.6682E-03 -.2648E+05 0.2648E+05 -.1749E+00
        169        169 0.1624E+03 0.2809E-07 0.2102E-07 0.1864E-07 0.4419E-03 0.7683E+00 0.2810E-01 -.2082E+00 -.2459E-01 -.9967E+02 0.9967E+02 -.6305E-03 -.2648E+05 0.2648E+05 -.1650E+00
        170        170 0.1633E+03 0.2652E-07 0.2018E-07 0.1720E-07 0.4312E-03 0.7676E+00 0.2807E-01 -.2078E+00 -.2419E-01 -.9967E+02 0.9967E+02 -.5673E-03 -.2648E+05 0.2648E+05 -.1484E+00
        171        171 0.1643E+03 0.2511E-07 0.1943E-07 0.1590E-07 0.4210E-03 0.7669E+00 0.2804E-01 -.2074E+00 -.2383E-01 -.9967E+02 0.9967E+02 -.4855E-03 -.2648E+05 0.2648E+05 -.1268E+00
        172        172 0.1652E+03 0.2386E-07 0.1877E-07 0.1473E-07 0.4120E-03 0.7662E+00 0.2802E-01 -.2070E+00 -.2344E-01 -.9967E+02 0.9967E+02 -.3928E-03 -.2648E+05 0.2648E+05 -.1023E+00
        173        173 0.1662E+03 0.2278E-07 0.1819E-07 0.1371E-07 0.4030E-03 0.7655E+00 0.2801E-01 -.2066E+00 -.2303E-01 -.9967E+02 0.9967E+02 -.2977E-03 -.2648E+05 0.2648E+05 -.7713E-01
        174        174 0.1672E+03 0.2188E-07 0.1772E-07 0.1283E-07 0.3949E-03 0.7649E+00 0.2800E-01 -.2061E+00 -.2262E-01 -.9967E+02 0.9967E+02 -.2082E-03 -.2648E+05 0.2648E+05 -.5344E-01
        175        175 0.1681E+03 0.2114E-07 0.1734E-07 0.1210E-07 0.3872E-03 0.7642E+00 0.2800E-01 -.2057E+00 -.2218E-01 -.9967E+02 0.9967E+02 -.1310E-03 -.2648E+05 0.2648E+05 -.3304E-01
        176        176 0.1690E+03 0.2055E-07 0.1704E-07 0.1149E-07 0.3803E-03 0.7636E+00 0.2800E-01 -.2053E+00 -.2172E-01 -.9967E+02 0.9967E+02 -.7117E-04 -.2648E+05 0.2648E+05 -.1724E-01
        177        177 0.1700E+03 0.2008E-07 0.1680E-07 0.1101E-07 0.3736E-03 0.7630E+00 0.2800E-01 -.2048E+00 -.2125E-01 -.9967E+02 0.9967E+02 -.3154E-04 -.2648E+05 0.2648E+05 -.6808E-02
        178        178 0.1709E+03 0.1971E-07 0.1660E-07 0.1064E-07 0.3674E-03 0.7623E+00 0.2801E-01 -.2044E+00 -.2078E-01 -.9967E+02 0.9967E+02 -.1256E-04 -.2648E+05 0.2648E+05 -.1863E-02
        179        179 0.1718E+03 0.1941E-07 0.1642E-07 0.1035E-07 0.3615E-03 0.7617E+00 0.2801E-01 -.2040E+00 -.2031E-01 -.9967E+02 0.9967E+02 -.1265E-04 -.2648E+05 0.2648E+05 -.1988E-02
        180        180 0.1728E+03 0.1918E-07 0.1627E-07 0.1015E-07 0.3562E-03 0.7610E+00 0.2801E-01 -.2036E+00 -.1986E-01 -.9967E+02 0.9967E+02 -.2855E-04 -.2648E+05 0.2648E+05 -.6314E-02
        181        181 0.1738E+03 0.1900E-07 0.1614E-07 0.1002E-07 0.3510E-03 0.7604E+00 0.2801E-01 -.2032E+00 -.1943E-01 -.9967E+02 0.9967E+02 -.5589E-04 -.2648E+05 0.2648E+05 -.1368E-01
        182        182 0.1747E+03 0.1887E-07 0.1603E-07 0.9949E-08 0.3463E-03 0.7598E+00 0.2801E-01 -.2028E+00 -.1903E-01 -.9967E+02 0.9967E+02 -.8996E-04 -.2648E+05 0.2648E+05 -.2283E-01
        183        183 0.1757E+03 0.1876E-07 0.1592E-07 0.9922E-08 0.3421E-03 0.7591E+00 0.2801E-01 -.2024E+00 -.1864E-01 -.9967E+02 0.9967E+02 -.1263E-03 -.2648E+05 0.2648E+05 -.3259E-01
        184        184 0.1767E+03 0.1868E-07 0.1582E-07 0.9923E-08 0.3381E-03 0.7585E+00 0.2801E-01 -.2021E+00 -.1828E-01 -.9967E+02 0.9967E+02 -.1613E-03 -.2648E+05 0.2648E+05 -.4198E-01
        185        185 0.1776E+03 0.1859E-07 0.1572E-07 0.9938E-08 0.3345E-03 0.7579E+00 0.2801E-01 -.2017E+00 -.1794E-01 -.9967E+02 0.9967E+02 -.1923E-03 -.2648E+05 0.2648E+05 -.5030E-01
        186        186 0.1786E+03 0.1851E-07 0.1560E-07 0.9958E-08 0.3312E-03 0.7573E+00 0.2801E-01 -.2014E+00 -.1760E-01 -.9967E+02 0.9967E+02 -.2177E-03 -.2648E+05 0.2648E+05 -.5714E-01
        187        187 0.1797E+03 0.1842E-07 0.1549E-07 0.9975E-08 0.3285E-03 0.7566E+00 0.2801E-01 -.2011E+00 -.1728E-01 -.9967E+02 0.9967E+02 -.2372E-03 -.2648E+05 0.2648E+05 -.6240E-01
        188        188 0.1807E+03 0.1833E-07 0.1537E-07 0.9986E-08 0.3259E-03 0.7560E+00 0.2801E-01 -.2008E+00 -.1695E-01 -.9967E+02 0.9967E+02 -.2511E-03 -.2648E+05 0.2648E+05 -.6618E-01
        189        189 0.1816E+03 0.1822E-07 0.1524E-07 0.9988E-08 0.3236E-03 0.7554E+00 0.2801E-01 -.2005E+00 -.1662E-01 -.9967E+02 0.9967E+02 -.2603E-03 -.2648E+05 0.2648E+05 -.6870E-01
        190        190 0.1825E+03 0.1811E-07 0.1512E-07 0.9980E-08 0.3216E-03 0.7548E+00 0.2802E-01 -.2001E+00 -.1629E-01 -.9967E+02 0.9967E+02 -.2658E-03 -.2648E+05 0.2648E+05 -.7024E-01
        191        191 0.1835E+03 0.1799E-07 0.1498E-07 0.9959E-08 0.3198E-03 0.7543E+00 0.2802E-01 -.1998E+00 -.1595E-01 -.9967E+02 0.9967E+02 -.2684E-03 -.2648E+05 0.2648E+05 -.7101E-01
        192        192 0.1844E+03 0.1786E-07 0.1485E-07 0.9927E-08 0.3183E-03 0.7537E+00 0.2803E-01 -.1995E+00 -.1560E-01 -.9967E+02 0.9967E+02 -.2687E-03 -.2648E+05 0.2648E+05 -.7118E-01
        193        193 0.1854E+03 0.1772E-07 0.1470E-07 0.9883E-08 0.3168E-03 0.7531E+00 0.2804E-01 -.1992E+00 -.1525E-01 -.9967E+02 0.9967E+02 -.2670E-03 -.2648E+05 0.2648E+05 -.7082E-01
        194        194 0.1864E+03 0.1756E-07 0.1455E-07 0.9830E-08 0.3156E-03 0.7525E+00 0.2805E-01 -.1989E+00 -.1490E-01 -.9967E+02 0.9967E+02 -.2633E-03 -.2648E+05 0.2648E+05 -.6992E-01
        195        195 0.1873E+03 0.1739E-07 0.1439E-07 0.9769E-08 0.3145E-03 0.7520E+00 0.2806E-01 -.1986E+00 -.1456E-01 -.9967E+02 0.9967E+02 -.2574E-03 -.2648E+05 0.2648E+05 -.6844E-01
        196        196 0.1883E+03 0.1722E-07 0.1423E-07 0.9701E-08 0.3135E-03 0.7514E+00 0.2807E-01 -.1982E+00 -.1422E-01 -.9967E+02 0.9967E+02 -.2491E-03 -.2648E+05 0.2648E+05 -.6632E-01
        197        197 0.1892E+03 0.1704E-07 0.1406E-07 0.9626E-08 0.3126E-03 0.7509E+00 0.2808E-01 -.1980E+00 -.1389E-01 -.9967E+02 0.9967E+02 -.2383E-03 -.2648E+05 0.2648E+05 -.6355E-01
        198        198 0.1902E+03 0.1685E-07 0.1388E-07 0.9543E-08 0.3119E-03 0.7503E+00 0.2809E-01 -.1977E+00 -.1357E-01 -.9967E+02 0.9967E+02 -.2254E-03 -.2648E+05 0.2648E+05 -.6020E-01
        199        199 0.1911E+03 0.1664E-07 0.1370E-07 0.9453E-08 0.3112E-03 0.7498E+00 0.2810E-01 -.1974E+00 -.1327E-01 -.9967E+02 0.9967E+02 -.2108E-03 -.2648E+05 0.2648E+05 -.5640E-01
        200        200 0.1921E+03 0.1643E-07 0.1351E-07 0.9354E-08 0.3106E-03 0.7492E+00 0.2811E-01 -.1971E+00 -.1297E-01 -.9967E+02 0.9967E+02 -.1954E-03 -.2648E+05 0.2648E+05 -.5239E-01
        201        201 0.1930E+03 0.1621E-07 0.1332E-07 0.9246E-08 0.3101E-03 0.7487E+00 0.2811E-01 -.1968E+00 -.1268E-01 -.9967E+02 0.9967E+02 -.1803E-03 -.2648E+05 0.2648E+05 -.4843E-01
        202        202 0.1939E+03 0.1599E-07 0.1312E-07 0.9132E-08 0.3097E-03 0.7482E+00 0.2812E-01 -.1966E+00 -.1240E-01 -.9967E+02 0.9967E+02 -.1665E-03 -.2648E+05 0.2648E+05 -.4484E-01
        203        203 0.1950E+03 0.1576E-07 0.1293E-07 0.9011E-08 0.3094E-03 0.7477E+00 0.2813E-01 -.1963E+00 -.1213E-01 -.9967E+02 0.9967E+02 -.1550E-03 -.2648E+05 0.2648E+05 -.4184E-01
        204        204 0.1959E+03 0.1553E-07 0.1273E-07 0.8886E-08 0.3092E-03 0.7472E+00 0.2814E-01 -.1961E+00 -.1186E-01 -.9967E+02 0.9967E+02 -.1464E-03 -.2648E+05 0.2648E+05 -.3963E-01
        205        205 0.1969E+03 0.1529E-07 0.1253E-07 0.8759E-08 0.3091E-03 0.7467E+00 0.2815E-01 -.1958E+00 -.1158E-01 -.9967E+02 0.9967E+02 -.1411E-03 -.2648E+05 0.2648E+05 -.3829E-01
        206        206 0.1978E+03 0.1505E-07 0.1234E-07 0.8630E-08 0.3090E-03 0.7462E+00 0.2816E-01 -.1956E+00 -.1131E-01 -.9967E+02 0.9967E+02 -.1391E-03 -.2648E+05 0.2648E+05 -.3781E-01
        207        207 0.1988E+03 0.1482E-07 0.1214E-07 0.8499E-08 0.3091E-03 0.7457E+00 0.2817E-01 -.1953E+00 -.1104E-01 -.9967E+02 0.9967E+02 -.1399E-03 -.2648E+05 0.2648E+05 -.3809E-01
        208        208 0.1997E+03 0.1459E-07 0.1195E-07 0.8367E-08 0.3091E-03 0.7453E+00 0.2818E-01 -.1951E+00 -.1078E-01 -.9967E+02 0.9967E+02 -.1427E-03 -.2648E+05 0.2648E+05 -.3892E-01
        209        209 0.2007E+03 0.1435E-07 0.1175E-07 0.8234E-08 0.3093E-03 0.7448E+00 0.2819E-01 -.1949E+00 -.1051E-01 -.9967E+02 0.9967E+02 -.1468E-03 -.2648E+05 0.2648E+05 -.4008E-01
        210        210 0.2018E+03 0.1412E-07 0.1156E-07 0.8099E-08 0.3095E-03 0.7443E+00 0.2820E-01 -.1946E+00 -.1025E-01 -.9967E+02 0.9967E+02 -.1512E-03 -.2648E+05 0.2648E+05 -.4132E-01
        211        211 0.2028E+03 0.1388E-07 0.1137E-07 0.7963E-08 0.3098E-03 0.7439E+00 0.2822E-01 -.1944E+00 -.9983E-02 -.9967E+02 0.9967E+02 -.1551E-03 -.2648E+05 0.2648E+05 -.4241E-01
        212        212 0.2037E+03 0.1364E-07 0.1118E-07 0.7827E-08 0.3101E-03 0.7434E+00 0.2823E-01 -.1942E+00 -.9742E-02 -.9967E+02 0.9967E+02 -.1577E-03 -.2648E+05 0.2648E+05 -.4319E-01
        213        213 0.2047E+03 0.1341E-07 0.1099E-07 0.7690E-08 0.3105E-03 0.7430E+00 0.2824E-01 -.1939E+00 -.9489E-02 -.9967E+02 0.9967E+02 -.1588E-03 -.2648E+05 0.2648E+05 -.4354E-01
        214        214 0.2056E+03 0.1318E-07 0.1080E-07 0.7553E-08 0.3109E-03 0.7425E+00 0.2825E-01 -.1937E+00 -.9249E-02 -.9967E+02 0.9967E+02 -.1581E-03 -.2648E+05 0.2648E+05 -.4342E-01
        215        215 0.2066E+03 0.1294E-07 0.1061E-07 0.7415E-08 0.3114E-03 0.7421E+00 0.2826E-01 -.1935E+00 -.9021E-02 -.9967E+02 0.9967E+02 -.1558E-03 -.2648E+05 0.2648E+05 -.4287E-01
        216        216 0.2075E+03 0.1271E-07 0.1042E-07 0.7276E-08 0.3119E-03 0.7417E+00 0.2827E-01 -.1933E+00 -.8791E-02 -.9967E+02 0.9967E+02 -.1520E-03 -.2648E+05 0.2648E+05 -.4194E-01
        217        217 0.2085E+03 0.1248E-07 0.1023E-07 0.7138E-08 0.3125E-03 0.7413E+00 0.2828E-01 -.1931E+00 -.8582E-02 -.9967E+02 0.9967E+02 -.1473E-03 -.2648E+05 0.2648E+05 -.4074E-01
        218        218 0.2094E+03 0.1224E-07 0.1005E-07 0.7000E-08 0.3131E-03 0.7409E+00 0.2829E-01 -.1929E+00 -.8361E-02 -.9967E+02 0.9967E+02 -.1419E-03 -.2648E+05 0.2648E+05 -.3938E-01
        219        219 0.2104E+03 0.1202E-07 0.9863E-08 0.6863E-08 0.4381E-03 0.7405E+00 0.2830E-01 -.1927E+00 -.8142E-02 -.9967E+02 0.9967E+02 -.1363E-03 -.2648E+05 0.2648E+05 -.3794E-01
        220        220 0.2113E+03 0.1179E-07 0.9682E-08 0.6728E-08 0.4397E-03 0.7401E+00 0.2831E-01 -.1925E+00 -.7942E-02 -.9967E+02 0.9967E+02 -.1307E-03 -.2648E+05 0.2648E+05 -.3653E-01
        221        221 0.2122E+03 0.1157E-07 0.9504E-08 0.6594E-08 0.4412E-03 0.7397E+00 0.2832E-01 -.1923E+00 -.7730E-02 -.9967E+02 0.9967E+02 -.1255E-03 -.2648E+05 0.2648E+05 -.3519E-01
        222        222 0.2132E+03 0.1135E-07 0.9330E-08 0.6461E-08 0.4428E-03 0.7393E+00 0.2833E-01 -.1922E+00 -.7518E-02 -.9967E+02 0.9967E+02 -.1206E-03 -.2648E+05 0.2648E+05 -.3395E-01
        223        223 0.2142E+03 0.1113E-07 0.9157E-08 0.6330E-08 0.4443E-03 0.7389E+00 0.2834E-01 -.1920E+00 -.7323E-02 -.9967E+02 0.9967E+02 -.1161E-03 -.2648E+05 0.2648E+05 -.3282E-01
        224        224 0.2151E+03 0.1092E-07 0.8986E-08 0.6201E-08 0.4458E-03 0.7385E+00 0.2835E-01 -.1918E+00 -.7121E-02 -.9967E+02 0.9967E+02 -.1121E-03 -.2648E+05 0.2648E+05 -.3181E-01
        225        225 0.2160E+03 0.1071E-07 0.8818E-08 0.6073E-08 0.4474E-03 0.7381E+00 0.2836E-01 -.1916E+00 -.6920E-02 -.9967E+02 0.9967E+02 -.1084E-03 -.2648E+05 0.2648E+05 -.3089E-01
        226        226 0.2170E+03 0.1050E-07 0.8651E-08 0.5947E-08 0.4489E-03 0.7378E+00 0.2837E-01 -.1914E+00 -.6738E-02 -.9967E+02 0.9967E+02 -.1051E-03 -.2648E+05 0.2648E+05 -.3005E-01
        227        227 0.2179E+03 0.1029E-07 0.8486E-08 0.5822E-08 0.4504E-03 0.7374E+00 0.2838E-01 -.1913E+00 -.6551E-02 -.9967E+02 0.9967E+02 -.1020E-03 -.2648E+05 0.2648E+05 -.2929E-01
        228        228 0.2189E+03 0.1009E-07 0.8324E-08 0.5699E-08 0.4519E-03 0.7371E+00 0.2839E-01 -.1911E+00 -.6367E-02 -.9967E+02 0.9967E+02 -.9915E-04 -.2648E+05 0.2648E+05 -.2858E-01
        229        229 0.2199E+03 0.9886E-08 0.8163E-08 0.5577E-08 0.4535E-03 0.7367E+00 0.2840E-01 -.1910E+00 -.6198E-02 -.9967E+02 0.9967E+02 -.9649E-04 -.2648E+05 0.2648E+05 -.2793E-01
        230        230 0.2208E+03 0.9689E-08 0.8006E-08 0.5457E-08 0.4550E-03 0.7364E+00 0.2841E-01 -.1908E+00 -.6025E-02 -.9967E+02 0.9967E+02 -.9402E-04 -.2648E+05 0.2648E+05 -.2732E-01
        231        231 0.2218E+03 0.9494E-08 0.7850E-08 0.5340E-08 0.4565E-03 0.7360E+00 0.2842E-01 -.1907E+00 -.5858E-02 -.9967E+02 0.9967E+02 -.9172E-04 -.2648E+05 0.2648E+05 -.2676E-01
        232        232 0.2228E+03 0.9303E-08 0.7698E-08 0.5224E-08 0.4581E-03 0.7357E+00 0.2843E-01 -.1905E+00 -.5701E-02 -.9967E+02 0.9967E+02 -.8959E-04 -.2648E+05 0.2648E+05 -.2624E-01
        233        233 0.2238E+03 0.9116E-08 0.7548E-08 0.5111E-08 0.4596E-03 0.7354E+00 0.2844E-01 -.1904E+00 -.5540E-02 -.9967E+02 0.9967E+02 -.8760E-04 -.2648E+05 0.2648E+05 -.2576E-01
        234        234 0.2247E+03 0.8932E-08 0.7401E-08 0.5000E-08 0.4611E-03 0.7351E+00 0.2845E-01 -.1902E+00 -.5383E-02 -.9967E+02 0.9967E+02 -.8572E-04 -.2648E+05 0.2648E+05 -.2531E-01
        235        235 0.2257E+03 0.8752E-08 0.7257E-08 0.4892E-08 0.4626E-03 0.7347E+00 0.2846E-01 -.1901E+00 -.5230E-02 -.9967E+02 0.9967E+02 -.8390E-04 -.2648E+05 0.2648E+05 -.2487E-01
        236        236 0.2267E+03 0.8575E-08 0.7115E-08 0.4786E-08 0.4641E-03 0.7344E+00 0.2847E-01 -.1899E+00 -.5083E-02 -.9967E+02 0.9967E+02 -.8208E-04 -.2648E+05 0.2648E+05 -.2444E-01
        237        237 0.2277E+03 0.8403E-08 0.6978E-08 0.4683E-08 0.4656E-03 0.7341E+00 0.2848E-01 -.1898E+00 -.4935E-02 -.9967E+02 0.9967E+02 -.8018E-04 -.2648E+05 0.2648E+05 -.2398E-01
        238        238 0.2287E+03 0.8233E-08 0.6840E-08 0.4582E-08 0.4670E-03 0.7338E+00 0.2849E-01 -.1897E+00 -.4795E-02 -.9967E+02 0.9967E+02 -.7816E-04 -.2648E+05 0.2648E+05 -.2348E-01
        239        239 0.2297E+03 0.8068E-08 0.6707E-08 0.4483E-08 0.4685E-03 0.7335E+00 0.2850E-01 -.1896E+00 -.4653E-02 -.9967E+02 0.9967E+02 -.7596E-04 -.2648E+05 0.2648E+05 -.2295E-01
        240        240 0.2306E+03 0.7904E-08 0.6575E-08 0.4386E-08 0.4700E-03 0.7332E+00 0.2850E-01 -.1894E+00 -.4516E-02 -.9967E+02 0.9967E+02 -.7360E-04 -.2648E+05 0.2648E+05 -.2236E-01
        241        241 0.2316E+03 0.7743E-08 0.6445E-08 0.4291E-08 0.4714E-03 0.7329E+00 0.2851E-01 -.1893E+00 -.4386E-02 -.9967E+02 0.9967E+02 -.7110E-04 -.2648E+05 0.2648E+05 -.2174E-01
        242        242 0.2326E+03 0.7587E-08 0.6319E-08 0.4198E-08 0.4729E-03 0.7327E+00 0.2852E-01 -.1892E+00 -.4257E-02 -.9967E+02 0.9967E+02 -.6850E-04 -.2648E+05 0.2648E+05 -.2109E-01
        243        243 0.2336E+03 0.7429E-08 0.6191E-08 0.4106E-08 0.4743E-03 0.7324E+00 0.2853E-01 -.1891E+00 -.4134E-02 -.9967E+02 0.9967E+02 -.6585E-04 -.2648E+05 0.2648E+05 -.2043E-01
        244        244 0.2345E+03 0.7278E-08 0.6069E-08 0.4017E-08 0.4758E-03 0.7321E+00 0.2854E-01 -.1890E+00 -.4012E-02 -.9967E+02 0.9967E+02 -.6319E-04 -.2648E+05 0.2648E+05 -.1976E-01
        245        245 0.2355E+03 0.7127E-08 0.5946E-08 0.3929E-08 0.4773E-03 0.7318E+00 0.2855E-01 -.1889E+00 -.3896E-02 -.9967E+02 0.9967E+02 -.6057E-04 -.2648E+05 0.2648E+05 -.1910E-01
        246        246 0.2366E+03 0.6981E-08 0.5827E-08 0.3843E-08 0.4787E-03 0.7316E+00 0.2855E-01 -.1888E+00 -.3780E-02 -.9967E+02 0.9967E+02 -.5804E-04 -.2648E+05 0.2648E+05 -.1847E-01
        247        247 0.2376E+03 0.6837E-08 0.5710E-08 0.3759E-08 0.4802E-03 0.7313E+00 0.2856E-01 -.1886E+00 -.3668E-02 -.9967E+02 0.9967E+02 -.5565E-04 -.2648E+05 0.2648E+05 -.1787E-01
        248        248 0.2385E+03 0.6697E-08 0.5597E-08 0.3677E-08 0.4816E-03 0.7310E+00 0.2857E-01 -.1885E+00 -.3558E-02 -.9967E+02 0.9967E+02 -.5341E-04 -.2648E+05 0.2648E+05 -.1731E-01
        249        249 0.2395E+03 0.6559E-08 0.5485E-08 0.3597E-08 0.4830E-03 0.7308E+00 0.2858E-01 -.1884E+00 -.3452E-02 -.9967E+02 0.9967E+02 -.5133E-04 -.2648E+05 0.2648E+05 -.1679E-01
        250        250 0.2404E+03 0.6425E-08 0.5376E-08 0.3519E-08 0.4844E-03 0.7305E+00 0.2859E-01 -.1884E+00 -.3347E-02 -.9967E+02 0.9967E+02 -.4940E-04 -.2648E+05 0.2648E+05 -.1631E-01
        251        251 0.2413E+03 0.6293E-08 0.5268E-08 0.3443E-08 0.4858E-03 0.7303E+00 0.2859E-01 -.1883E+00 -.3246E-02 -.9967E+02 0.9967E+02 -.4758E-04 -.2648E+05 0.2648E+05 -.1587E-01
        252        252 0.2423E+03 0.6164E-08 0.5163E-08 0.3367E-08 0.4871E-03 0.7300E+00 0.2860E-01 -.1882E+00 -.3149E-02 -.9967E+02 0.9967E+02 -.4585E-04 -.2648E+05 0.2648E+05 -.1544E-01
        253        253 0.2432E+03 0.6036E-08 0.5058E-08 0.3294E-08 0.4885E-03 0.7298E+00 0.2861E-01 -.1881E+00 -.3053E-02 -.9967E+02 0.9967E+02 -.4415E-04 -.2648E+05 0.2648E+05 -.1502E-01
        254        254 0.2442E+03 0.5910E-08 0.4955E-08 0.3221E-08 0.4898E-03 0.7296E+00 0.2862E-01 -.1880E+00 -.2961E-02 -.9967E+02 0.9967E+02 -.4246E-04 -.2648E+05 0.2648E+05 -.1460E-01
        255        255 0.2451E+03 0.5788E-08 0.4855E-08 0.3151E-08 0.4912E-03 0.7293E+00 0.2862E-01 -.1879E+00 -.2873E-02 -.9967E+02 0.9967E+02 -.4074E-04 -.2648E+05 0.2648E+05 -.1418E-01
        256        256 0.2460E+03 0.5669E-08 0.4758E-08 0.3082E-08 0.4925E-03 0.7291E+00 0.2863E-01 -.1878E+00 -.2787E-02 -.9967E+02 0.9967E+02 -.3899E-04 -.2648E+05 0.2648E+05 -.1374E-01
        257        257 0.2470E+03 0.5551E-08 0.4661E-08 0.3014E-08 0.4938E-03 0.7289E+00 0.2864E-01 -.1877E+00 -.2703E-02 -.9967E+02 0.9967E+02 -.3720E-04 -.2648E+05 0.2648E+05 -.1330E-01
        258        258 0.2479E+03 0.5437E-08 0.4568E-08 0.2948E-08 0.4951E-03 0.7287E+00 0.2864E-01 -.1877E+00 -.2622E-02 -.9967E+02 0.9967E+02 -.3540E-04 -.2648E+05 0.2648E+05 -.1285E-01
        259        259 0.2489E+03 0.5323E-08 0.4475E-08 0.2883E-08 0.4964E-03 0.7285E+00 0.2865E-01 -.1876E+00 -.2543E-02 -.9967E+02 0.9967E+02 -.3359E-04 -.2648E+05 0.2648E+05 -.1240E-01
        260        260 0.2499E+03 0.5212E-08 0.4384E-08 0.2819E-08 0.4977E-03 0.7283E+00 0.2866E-01 -.1875E+00 -.2468E-02 -.9967E+02 0.9967E+02 -.3179E-04 -.2648E+05 0.2648E+05 -.1195E-01
        261        261 0.2508E+03 0.5103E-08 0.4293E-08 0.2758E-08 0.4990E-03 0.7280E+00 0.2866E-01 -.1874E+00 -.2393E-02 -.9967E+02 0.9967E+02 -.3002E-04 -.2648E+05 0.2648E+05 -.1151E-01
        262        262 0.2517E+03 0.4998E-08 0.4208E-08 0.2697E-08 0.5003E-03 0.7278E+00 0.2867E-01 -.1874E+00 -.2323E-02 -.9967E+02 0.9967E+02 -.2830E-04 -.2648E+05 0.2648E+05 -.1108E-01
        263        263 0.2527E+03 0.4893E-08 0.4121E-08 0.2638E-08 0.5015E-03 0.7276E+00 0.2868E-01 -.1873E+00 -.2253E-02 -.9967E+02 0.9967E+02 -.2663E-04 -.2648E+05 0.2648E+05 -.1066E-01
        264        264 0.2537E+03 0.4792E-08 0.4038E-08 0.2580E-08 0.5028E-03 0.7274E+00 0.2868E-01 -.1872E+00 -.2186E-02 -.9967E+02 0.9967E+02 -.2503E-04 -.2648E+05 0.2648E+05 -.1026E-01
        265        265 0.2546E+03 0.4690E-08 0.3954E-08 0.2523E-08 0.5040E-03 0.7272E+00 0.2869E-01 -.1872E+00 -.2120E-02 -.9967E+02 0.9967E+02 -.2346E-04 -.2648E+05 0.2648E+05 -.9871E-02
        266        266 0.2556E+03 0.4593E-08 0.3874E-08 0.2467E-08 0.5052E-03 0.7271E+00 0.2869E-01 -.1871E+00 -.2057E-02 -.9967E+02 0.9967E+02 -.2192E-04 -.2648E+05 0.2648E+05 -.9487E-02
        267        267 0.2566E+03 0.4498E-08 0.3796E-08 0.2413E-08 0.5065E-03 0.7269E+00 0.2870E-01 -.1870E+00 -.1996E-02 -.9967E+02 0.9967E+02 -.2039E-04 -.2648E+05 0.2648E+05 -.9107E-02
        268        268 0.2575E+03 0.4404E-08 0.3718E-08 0.2360E-08 0.5077E-03 0.7267E+00 0.2871E-01 -.1870E+00 -.1937E-02 -.9967E+02 0.9967E+02 -.1889E-04 -.2648E+05 0.2648E+05 -.8731E-02
        269        269 0.2584E+03 0.4311E-08 0.3641E-08 0.2307E-08 0.5089E-03 0.7265E+00 0.2871E-01 -.1869E+00 -.1880E-02 -.9967E+02 0.9967E+02 -.1740E-04 -.2648E+05 0.2648E+05 -.8361E-02
        270        270 0.2594E+03 0.4220E-08 0.3566E-08 0.2256E-08 0.5101E-03 0.7263E+00 0.2872E-01 -.1869E+00 -.1826E-02 -.9967E+02 0.9967E+02 -.1595E-04 -.2648E+05 0.2648E+05 -.7999E-02
        271        271 0.2603E+03 0.4132E-08 0.3493E-08 0.2206E-08 0.5113E-03 0.7261E+00 0.2872E-01 -.1868E+00 -.1781E-02 -.9967E+02 0.9967E+02 -.1453E-04 -.2648E+05 0.2648E+05 -.7645E-02
        272        272 0.2613E+03 0.4045E-08 0.3422E-08 0.2158E-08 0.5125E-03 0.7260E+00 0.2873E-01 -.1868E+00 -.1724E-02 -.9967E+02 0.9967E+02 -.1314E-04 -.2648E+05 0.2648E+05 -.7297E-02
        273        273 0.2622E+03 0.3960E-08 0.3352E-08 0.2110E-08 0.5136E-03 0.7258E+00 0.2874E-01 -.1867E+00 -.1672E-02 -.9967E+02 0.9967E+02 -.1176E-04 -.2648E+05 0.2648E+05 -.6954E-02
        274        274 0.2632E+03 0.3876E-08 0.3281E-08 0.2063E-08 0.5148E-03 0.7256E+00 0.2874E-01 -.1867E+00 -.1623E-02 -.9967E+02 0.9967E+02 -.1041E-04 -.2648E+05 0.2648E+05 -.6616E-02
        275        275 0.2641E+03 0.3796E-08 0.3215E-08 0.2017E-08 0.5159E-03 0.7255E+00 0.2875E-01 -.1866E+00 -.1577E-02 -.9967E+02 0.9967E+02 -.9073E-05 -.2648E+05 0.2648E+05 -.6282E-02
        276        276 0.2651E+03 0.3715E-08 0.3148E-08 0.1973E-08 0.5171E-03 0.7253E+00 0.2875E-01 -.1866E+00 -.1531E-02 -.9967E+02 0.9967E+02 -.7767E-05 -.2648E+05 0.2648E+05 -.5956E-02
        277        277 0.2660E+03 0.3637E-08 0.3083E-08 0.1929E-08 0.5182E-03 0.7252E+00 0.2876E-01 -.1865E+00 -.1488E-02 -.9967E+02 0.9967E+02 -.6493E-05 -.2648E+05 0.2648E+05 -.5638E-02
        278        278 0.2669E+03 0.3559E-08 0.3018E-08 0.1886E-08 0.5193E-03 0.7250E+00 0.2876E-01 -.1865E+00 -.1451E-02 -.9967E+02 0.9967E+02 -.5251E-05 -.2648E+05 0.2648E+05 -.5329E-02
        279        279 0.2679E+03 0.3485E-08 0.2957E-08 0.1844E-08 0.5204E-03 0.7248E+00 0.2877E-01 -.1864E+00 -.1408E-02 -.9967E+02 0.9967E+02 -.4033E-05 -.2648E+05 0.2648E+05 -.5025E-02
        280        280 0.2688E+03 0.3411E-08 0.2895E-08 0.1803E-08 0.5215E-03 0.7247E+00 0.2877E-01 -.1864E+00 -.1367E-02 -.9967E+02 0.9967E+02 -.2830E-05 -.2648E+05 0.2648E+05 -.4725E-02
        281        281 0.2697E+03 0.3338E-08 0.2835E-08 0.1763E-08 0.5226E-03 0.7246E+00 0.2878E-01 -.1863E+00 -.1329E-02 -.9967E+02 0.9967E+02 -.1638E-05 -.2648E+05 0.2648E+05 -.4427E-02
        282        282 0.2707E+03 0.3268E-08 0.2777E-08 0.1724E-08 0.5237E-03 0.7244E+00 0.2878E-01 -.1863E+00 -.1292E-02 -.9967E+02 0.9967E+02 -.4554E-06 -.2648E+05 0.2648E+05 -.4132E-02
        283        283 0.2716E+03 0.3198E-08 0.2718E-08 0.1686E-08 0.5248E-03 0.7243E+00 0.2879E-01 -.1863E+00 -.1256E-02 -.9967E+02 0.9967E+02 0.7148E-06 -.2648E+05 0.2648E+05 -.3839E-02
        284        284 0.2726E+03 0.3130E-08 0.2662E-08 0.1648E-08 0.5259E-03 0.7241E+00 0.2879E-01 -.1862E+00 -.1224E-02 -.9967E+02 0.9967E+02 0.1874E-05 -.2648E+05 0.2648E+05 -.3549E-02
        285        285 0.2735E+03 0.3063E-08 0.2605E-08 0.1611E-08 0.5269E-03 0.7240E+00 0.2879E-01 -.1862E+00 -.1190E-02 -.9967E+02 0.9967E+02 0.3012E-05 -.2648E+05 0.2648E+05 -.3265E-02
        286        286 0.2745E+03 0.2999E-08 0.2552E-08 0.1576E-08 0.5280E-03 0.7239E+00 0.2880E-01 -.1862E+00 -.1159E-02 -.9967E+02 0.9967E+02 0.4126E-05 -.2648E+05 0.2648E+05 -.2987E-02
        287        287 0.2754E+03 0.2935E-08 0.2498E-08 0.1541E-08 0.5290E-03 0.7237E+00 0.2880E-01 -.1861E+00 -.1127E-02 -.9967E+02 0.9967E+02 0.5206E-05 -.2648E+05 0.2648E+05 -.2717E-02
        288        288 0.2763E+03 0.2872E-08 0.2445E-08 0.1506E-08 0.5301E-03 0.7236E+00 0.2881E-01 -.1861E+00 -.1098E-02 -.9967E+02 0.9967E+02 0.6261E-05 -.2648E+05 0.2648E+05 -.2453E-02
        289        289 0.2773E+03 0.2811E-08 0.2394E-08 0.1473E-08 0.5311E-03 0.7235E+00 0.2881E-01 -.1861E+00 -.1071E-02 -.9967E+02 0.9967E+02 0.7294E-05 -.2648E+05 0.2648E+05 -.2195E-02
        290        290 0.2782E+03 0.2751E-08 0.2343E-08 0.1440E-08 0.5321E-03 0.7233E+00 0.2882E-01 -.1860E+00 -.1044E-02 -.9967E+02 0.9967E+02 0.8311E-05 -.2648E+05 0.2648E+05 -.1942E-02
        291        291 0.2792E+03 0.2692E-08 0.2295E-08 0.1409E-08 0.5331E-03 0.7232E+00 0.2882E-01 -.1860E+00 -.1016E-02 -.9967E+02 0.9967E+02 0.9317E-05 -.2648E+05 0.2648E+05 -.1690E-02
        292        292 0.2801E+03 0.2634E-08 0.2246E-08 0.1377E-08 0.5341E-03 0.7231E+00 0.2882E-01 -.1860E+00 -.9900E-03 -.9967E+02 0.9967E+02 0.1030E-04 -.2648E+05 0.2648E+05 -.1444E-02
        293        293 0.2811E+03 0.2578E-08 0.2198E-08 0.1347E-08 0.5352E-03 0.7230E+00 0.2883E-01 -.1859E+00 -.9650E-03 -.9967E+02 0.9967E+02 0.1127E-04 -.2648E+05 0.2648E+05 -.1203E-02
        294        294 0.2822E+03 0.2523E-08 0.2152E-08 0.1317E-08 0.5362E-03 0.7229E+00 0.2883E-01 -.1859E+00 -.9435E-03 -.9967E+02 0.9967E+02 0.1221E-04 -.2648E+05 0.2648E+05 -.9687E-03
        295        295 0.2831E+03 0.2468E-08 0.2106E-08 0.1287E-08 0.5372E-03 0.7227E+00 0.2884E-01 -.1859E+00 -.9201E-03 -.9967E+02 0.9967E+02 0.1313E-04 -.2648E+05 0.2648E+05 -.7386E-03
        296        296 0.2841E+03 0.2415E-08 0.2061E-08 0.1259E-08 0.5376E-03 0.7226E+00 0.2884E-01 -.1858E+00 -.8980E-03 -.9967E+02 0.9967E+02 0.1404E-04 -.2648E+05 0.2648E+05 -.5120E-03
        297        297 0.2850E+03 0.2364E-08 0.2018E-08 0.1231E-08 0.5378E-03 0.7225E+00 0.2884E-01 -.1858E+00 -.8762E-03 -.9967E+02 0.9967E+02 0.1493E-04 -.2648E+05 0.2648E+05 -.2889E-03
        298        298 0.2860E+03 0.2313E-08 0.1975E-08 0.1203E-08 0.5379E-03 0.7224E+00 0.2885E-01 -.1858E+00 -.8552E-03 -.9967E+02 0.9967E+02 0.1581E-04 -.2648E+05 0.2648E+05 -.6870E-04
        299        299 0.2869E+03 0.2263E-08 0.1934E-08 0.1176E-08 0.5380E-03 0.7223E+00 0.2885E-01 -.1858E+00 -.8381E-03 -.9967E+02 0.9967E+02 0.1668E-04 -.2648E+05 0.2648E+05 0.1482E-03
        300        300 0.2879E+03 0.2214E-08 0.1892E-08 0.1150E-08 0.5382E-03 0.7222E+00 0.2885E-01 -.1857E+00 -.8186E-03 -.9967E+02 0.9967E+02 0.1753E-04 -.2648E+05 0.2648E+05 0.3612E-03
        301        301 0.2888E+03 0.2167E-08 0.1852E-08 0.1125E-08 0.5383E-03 0.7221E+00 0.2886E-01 -.1857E+00 -.8003E-03 -.9967E+02 0.9967E+02 0.1837E-04 -.2648E+05 0.2648E+05 0.5703E-03
        302        302 0.2898E+03 0.2121E-08 0.1813E-08 0.1100E-08 0.5385E-03 0.7220E+00 0.2886E-01 -.1857E+00 -.7823E-03 -.9967E+02 0.9967E+02 0.1918E-04 -.2648E+05 0.2648E+05 0.7747E-03
        303        303 0.2908E+03 0.2075E-08 0.1775E-08 0.1075E-08 0.5386E-03 0.7219E+00 0.2886E-01 -.1857E+00 -.7663E-03 -.9967E+02 0.9967E+02 0.1998E-04 -.2648E+05 0.2648E+05 0.9743E-03
        304        304 0.2918E+03 0.2031E-08 0.1737E-08 0.1051E-08 0.5387E-03 0.7218E+00 0.2887E-01 -.1856E+00 -.7511E-03 -.9967E+02 0.9967E+02 0.2077E-04 -.2648E+05 0.2648E+05 0.1171E-02
        305        305 0.2928E+03 0.1987E-08 0.1701E-08 0.1028E-08 0.5388E-03 0.7217E+00 0.2887E-01 -.1856E+00 -.7352E-03 -.9967E+02 0.9967E+02 0.2155E-04 -.2648E+05 0.2648E+05 0.1366E-02
        306        306 0.2939E+03 0.1945E-08 0.1665E-08 0.1006E-08 0.5389E-03 0.7216E+00 0.2887E-01 -.1856E+00 -.7229E-03 -.9967E+02 0.9967E+02 0.2235E-04 -.2648E+05 0.2648E+05 0.1568E-02
        307        307 0.2948E+03 0.1904E-08 0.1630E-08 0.9840E-09 0.5390E-03 0.7215E+00 0.2888E-01 -.1856E+00 -.7077E-03 -.9967E+02 0.9967E+02 0.2319E-04 -.2648E+05 0.2648E+05 0.1780E-02
        308        308 0.2958E+03 0.1864E-08 0.1596E-08 0.9627E-09 0.5391E-03 0.7214E+00 0.2888E-01 -.1856E+00 -.6968E-03 -.9967E+02 0.9967E+02 0.2402E-04 -.2648E+05 0.2648E+05 0.1987E-02
        309        309 0.2968E+03 0.1825E-08 0.1563E-08 0.9419E-09 0.5392E-03 0.7213E+00 0.2888E-01 -.1855E+00 -.6843E-03 -.9967E+02 0.9967E+02 0.2481E-04 -.2648E+05 0.2648E+05 0.2187E-02
        310        310 0.2977E+03 0.1787E-08 0.1531E-08 0.9214E-09 0.5393E-03 0.7212E+00 0.2888E-01 -.1855E+00 -.6721E-03 -.9967E+02 0.9967E+02 0.2559E-04 -.2648E+05 0.2648E+05 0.2383E-02
        311        311 0.2987E+03 0.1750E-08 0.1499E-08 0.9015E-09 0.5393E-03 0.7212E+00 0.2889E-01 -.1855E+00 -.6613E-03 -.9967E+02 0.9967E+02 0.2635E-04 -.2648E+05 0.2648E+05 0.2574E-02
        312        312 0.2996E+03 0.1713E-08 0.1469E-08 0.8819E-09 0.5394E-03 0.7211E+00 0.2889E-01 -.1855E+00 -.6509E-03 -.9967E+02 0.9967E+02 0.2708E-04 -.2648E+05 0.2648E+05 0.2758E-02
        313        313 0.3006E+03 0.1678E-08 0.1439E-08 0.8631E-09 0.5395E-03 0.7210E+00 0.2889E-01 -.1855E+00 -.6398E-03 -.9967E+02 0.9967E+02 0.2780E-04 -.2648E+05 0.2648E+05 0.2939E-02
        314        314 0.3016E+03 0.1643E-08 0.1410E-08 0.8446E-09 0.5396E-03 0.7209E+00 0.2890E-01 -.1855E+00 -.6298E-03 -.9967E+02 0.9967E+02 0.2850E-04 -.2648E+05 0.2648E+05 0.3116E-02
        315        315 0.3026E+03 0.1610E-08 0.1381E-08 0.8268E-09 0.5396E-03 0.7208E+00 0.2890E-01 -.1855E+00 -.6198E-03 -.9967E+02 0.9967E+02 0.2918E-04 -.2648E+05 0.2648E+05 0.3285E-02
        316        316 0.3035E+03 0.1577E-08 0.1354E-08 0.8093E-09 0.5397E-03 0.7208E+00 0.2890E-01 -.1854E+00 -.6124E-03 -.9967E+02 0.9967E+02 0.2981E-04 -.2648E+05 0.2648E+05 0.3444E-02
        317        317 0.3045E+03 0.1545E-08 0.1326E-08 0.7924E-09 0.5398E-03 0.7207E+00 0.2890E-01 -.1854E+00 -.6031E-03 -.9967E+02 0.9967E+02 0.3040E-04 -.2648E+05 0.2648E+05 0.3593E-02
        318        318 0.3054E+03 0.1514E-08 0.1300E-08 0.7756E-09 0.5399E-03 0.7206E+00 0.2891E-01 -.1854E+00 -.5943E-03 -.9967E+02 0.9967E+02 0.3097E-04 -.2648E+05 0.2648E+05 0.3735E-02
        319        319 0.3063E+03 0.1483E-08 0.1273E-08 0.7593E-09 0.5399E-03 0.7206E+00 0.2891E-01 -.1854E+00 -.5857E-03 -.9967E+02 0.9967E+02 0.3153E-04 -.2648E+05 0.2648E+05 0.3875E-02
        320        320 0.3073E+03 0.1453E-08 0.1248E-08 0.7438E-09 0.5400E-03 0.7205E+00 0.2891E-01 -.1854E+00 -.5778E-03 -.9967E+02 0.9967E+02 0.3209E-04 -.2648E+05 0.2648E+05 0.4013E-02
        321        321 0.3083E+03 0.1424E-08 0.1223E-08 0.7286E-09 0.5401E-03 0.7204E+00 0.2891E-01 -.1854E+00 -.5716E-03 -.9967E+02 0.9967E+02 0.3263E-04 -.2648E+05 0.2648E+05 0.4149E-02
        322        322 0.3092E+03 0.1395E-08 0.1199E-08 0.7138E-09 0.5401E-03 0.7203E+00 0.2891E-01 -.1854E+00 -.5639E-03 -.9967E+02 0.9967E+02 0.3317E-04 -.2648E+05 0.2648E+05 0.4285E-02
        323        323 0.3102E+03 0.1367E-08 0.1175E-08 0.6996E-09 0.5402E-03 0.7203E+00 0.2892E-01 -.1853E+00 -.5566E-03 -.9967E+02 0.9967E+02 0.3371E-04 -.2648E+05 0.2648E+05 0.4420E-02
        324        324 0.3111E+03 0.1340E-08 0.1151E-08 0.6856E-09 0.5402E-03 0.7202E+00 0.2892E-01 -.1853E+00 -.5498E-03 -.9967E+02 0.9967E+02 0.3425E-04 -.2648E+05 0.2648E+05 0.4553E-02
        325        325 0.3120E+03 0.1313E-08 0.1128E-08 0.6718E-09 0.5403E-03 0.7202E+00 0.2892E-01 -.1853E+00 -.5432E-03 -.9967E+02 0.9967E+02 0.3477E-04 -.2648E+05 0.2648E+05 0.4685E-02
        326        326 0.3130E+03 0.1287E-08 0.1106E-08 0.6583E-09 0.5404E-03 0.7201E+00 0.2892E-01 -.1853E+00 -.5385E-03 -.9967E+02 0.9967E+02 0.3529E-04 -.2648E+05 0.2648E+05 0.4815E-02
        327        327 0.3139E+03 0.1261E-08 0.1084E-08 0.6450E-09 0.5405E-03 0.7200E+00 0.2893E-01 -.1853E+00 -.5329E-03 -.9967E+02 0.9967E+02 0.3580E-04 -.2648E+05 0.2648E+05 0.4942E-02
        328        328 0.3148E+03 0.1235E-08 0.1062E-08 0.6319E-09 0.5405E-03 0.7200E+00 0.2893E-01 -.1853E+00 -.5266E-03 -.9967E+02 0.9967E+02 0.3629E-04 -.2648E+05 0.2648E+05 0.5066E-02
        329        329 0.3158E+03 0.1211E-08 0.1040E-08 0.6193E-09 0.5406E-03 0.7199E+00 0.2893E-01 -.1853E+00 -.5215E-03 -.9967E+02 0.9967E+02 0.3678E-04 -.2648E+05 0.2648E+05 0.5188E-02
        330        330 0.3168E+03 0.1186E-08 0.1020E-08 0.6066E-09 0.5407E-03 0.7199E+00 0.2893E-01 -.1853E+00 -.5161E-03 -.9967E+02 0.9967E+02 0.3725E-04 -.2648E+05 0.2648E+05 0.5306E-02
        331        331 0.3178E+03 0.1162E-08 0.9985E-09 0.5944E-09 0.5407E-03 0.7198E+00 0.2893E-01 -.1853E+00 -.5119E-03 -.9967E+02 0.9967E+02 0.3771E-04 -.2648E+05 0.2648E+05 0.5422E-02
        332        332 0.3187E+03 0.1139E-08 0.9787E-09 0.5824E-09 0.5408E-03 0.7197E+00 0.2893E-01 -.1852E+00 -.5080E-03 -.9967E+02 0.9967E+02 0.3816E-04 -.2648E+05 0.2648E+05 0.5535E-02
        333        333 0.3197E+03 0.1116E-08 0.9591E-09 0.5707E-09 0.5408E-03 0.7197E+00 0.2894E-01 -.1852E+00 -.5025E-03 -.9967E+02 0.9967E+02 0.3860E-04 -.2648E+05 0.2648E+05 0.5645E-02
        334        334 0.3207E+03 0.1094E-08 0.9399E-09 0.5593E-09 0.5409E-03 0.7196E+00 0.2894E-01 -.1852E+00 -.4981E-03 -.9967E+02 0.9967E+02 0.3903E-04 -.2648E+05 0.2648E+05 0.5752E-02
        335        335 0.3216E+03 0.1072E-08 0.9211E-09 0.5482E-09 0.5409E-03 0.7196E+00 0.2894E-01 -.1852E+00 -.4940E-03 -.9967E+02 0.9967E+02 0.3946E-04 -.2648E+05 0.2648E+05 0.5858E-02
        336        336 0.3226E+03 0.1051E-08 0.9029E-09 0.5372E-09 0.5410E-03 0.7195E+00 0.2894E-01 -.1852E+00 -.4913E-03 -.9967E+02 0.9967E+02 0.3987E-04 -.2648E+05 0.2648E+05 0.5962E-02
        337        337 0.3235E+03 0.1029E-08 0.8846E-09 0.5264E-09 0.5410E-03 0.7195E+00 0.2894E-01 -.1852E+00 -.4876E-03 -.9967E+02 0.9967E+02 0.4028E-04 -.2648E+05 0.2648E+05 0.6064E-02
        338        338 0.3245E+03 0.1009E-08 0.8670E-09 0.5159E-09 0.5411E-03 0.7194E+00 0.2894E-01 -.1852E+00 -.4834E-03 -.9967E+02 0.9967E+02 0.4067E-04 -.2648E+05 0.2648E+05 0.6163E-02
        339        339 0.3254E+03 0.9889E-09 0.8499E-09 0.5055E-09 0.5411E-03 0.7194E+00 0.2895E-01 -.1852E+00 -.4801E-03 -.9967E+02 0.9967E+02 0.4106E-04 -.2648E+05 0.2648E+05 0.6261E-02
        340        340 0.3264E+03 0.9688E-09 0.8327E-09 0.4952E-09 0.5412E-03 0.7193E+00 0.2895E-01 -.1852E+00 -.4766E-03 -.9967E+02 0.9967E+02 0.4144E-04 -.2648E+05 0.2648E+05 0.6357E-02
        341        341 0.3273E+03 0.9494E-09 0.8160E-09 0.4854E-09 0.5412E-03 0.7193E+00 0.2895E-01 -.1852E+00 -.4736E-03 -.9967E+02 0.9967E+02 0.4182E-04 -.2648E+05 0.2648E+05 0.6451E-02
        342        342 0.3283E+03 0.9305E-09 0.7998E-09 0.4755E-09 0.5413E-03 0.7193E+00 0.2895E-01 -.1852E+00 -.4717E-03 -.9967E+02 0.9967E+02 0.4219E-04 -.2648E+05 0.2648E+05 0.6544E-02
        343        343 0.3292E+03 0.9116E-09 0.7835E-09 0.4660E-09 0.5413E-03 0.7192E+00 0.2895E-01 -.1852E+00 -.4679E-03 -.9967E+02 0.9967E+02 0.4256E-04 -.2648E+05 0.2648E+05 0.6635E-02
        344        344 0.3302E+03 0.8932E-09 0.7677E-09 0.4566E-09 0.5414E-03 0.7192E+00 0.2895E-01 -.1851E+00 -.4654E-03 -.9967E+02 0.9967E+02 0.4291E-04 -.2648E+05 0.2648E+05 0.6725E-02
        345        345 0.3312E+03 0.8752E-09 0.7523E-09 0.4473E-09 0.5414E-03 0.7191E+00 0.2896E-01 -.1851E+00 -.4632E-03 -.9967E+02 0.9967E+02 0.4326E-04 -.2648E+05 0.2648E+05 0.6812E-02
        346        346 0.3321E+03 0.8573E-09 0.7368E-09 0.4383E-09 0.5415E-03 0.7191E+00 0.2896E-01 -.1851E+00 -.4607E-03 -.9967E+02 0.9967E+02 0.4360E-04 -.2648E+05 0.2648E+05 0.6897E-02
        347        347 0.3331E+03 0.8401E-09 0.7220E-09 0.4295E-09 0.5415E-03 0.7190E+00 0.2896E-01 -.1851E+00 -.4584E-03 -.9967E+02 0.9967E+02 0.4394E-04 -.2648E+05 0.2648E+05 0.6982E-02
        348        348 0.3341E+03 0.8234E-09 0.7077E-09 0.4209E-09 0.5416E-03 0.7190E+00 0.2896E-01 -.1851E+00 -.4563E-03 -.9967E+02 0.9967E+02 0.4427E-04 -.2648E+05 0.2648E+05 0.7064E-02
        349        349 0.3351E+03 0.8069E-09 0.6934E-09 0.4126E-09 0.5416E-03 0.7190E+00 0.2896E-01 -.1851E+00 -.4541E-03 -.9967E+02 0.9967E+02 0.4459E-04 -.2648E+05 0.2648E+05 0.7145E-02
        350        350 0.3360E+03 0.7907E-09 0.6796E-09 0.4043E-09 0.5417E-03 0.7189E+00 0.2896E-01 -.1851E+00 -.4519E-03 -.9967E+02 0.9967E+02 0.4490E-04 -.2648E+05 0.2648E+05 0.7223E-02
        351        351 0.3369E+03 0.7750E-09 0.6661E-09 0.3963E-09 0.5417E-03 0.7189E+00 0.2896E-01 -.1851E+00 -.4515E-03 -.9967E+02 0.9967E+02 0.4521E-04 -.2648E+05 0.2648E+05 0.7300E-02
        352        352 0.3379E+03 0.7594E-09 0.6527E-09 0.3882E-09 0.5417E-03 0.7189E+00 0.2896E-01 -.1851E+00 -.4489E-03 -.9967E+02 0.9967E+02 0.4551E-04 -.2648E+05 0.2648E+05 0.7376E-02
        353        353 0.3389E+03 0.7441E-09 0.6395E-09 0.3805E-09 0.5418E-03 0.7188E+00 0.2897E-01 -.1851E+00 -.4471E-03 -.9967E+02 0.9967E+02 0.4580E-04 -.2648E+05 0.2648E+05 0.7450E-02
        354        354 0.3399E+03 0.7292E-09 0.6267E-09 0.3727E-09 0.5418E-03 0.7188E+00 0.2897E-01 -.1851E+00 -.4454E-03 -.9967E+02 0.9967E+02 0.4609E-04 -.2648E+05 0.2648E+05 0.7522E-02
        355        355 0.3408E+03 0.7144E-09 0.6140E-09 0.3653E-09 0.5419E-03 0.7187E+00 0.2897E-01 -.1851E+00 -.4437E-03 -.9967E+02 0.9967E+02 0.4637E-04 -.2648E+05 0.2648E+05 0.7591E-02
        356        356 0.3420E+03 0.7000E-09 0.6016E-09 0.3579E-09 0.5419E-03 0.7187E+00 0.2897E-01 -.1851E+00 -.4421E-03 -.9967E+02 0.9967E+02 0.4664E-04 -.2648E+05 0.2648E+05 0.7660E-02
        357        357 0.3429E+03 0.6860E-09 0.5896E-09 0.3507E-09 0.5419E-03 0.7187E+00 0.2897E-01 -.1851E+00 -.4420E-03 -.9967E+02 0.9967E+02 0.4691E-04 -.2648E+05 0.2648E+05 0.7726E-02
        358        358 0.3439E+03 0.6720E-09 0.5775E-09 0.3435E-09 0.5420E-03 0.7186E+00 0.2897E-01 -.1851E+00 -.4395E-03 -.9967E+02 0.9967E+02 0.4717E-04 -.2648E+05 0.2648E+05 0.7793E-02
        359        359 0.3448E+03 0.6584E-09 0.5658E-09 0.3366E-09 0.5420E-03 0.7186E+00 0.2897E-01 -.1851E+00 -.4384E-03 -.9967E+02 0.9967E+02 0.4744E-04 -.2648E+05 0.2648E+05 0.7859E-02
        360        360 0.3458E+03 0.6451E-09 0.5544E-09 0.3298E-09 0.5421E-03 0.7186E+00 0.2897E-01 -.1851E+00 -.4371E-03 -.9967E+02 0.9967E+02 0.4770E-04 -.2648E+05 0.2648E+05 0.7924E-02
        361        361 0.3468E+03 0.6322E-09 0.5433E-09 0.3231E-09 0.5421E-03 0.7186E+00 0.2897E-01 -.1851E+00 -.4359E-03 -.9967E+02 0.9967E+02 0.4795E-04 -.2648E+05 0.2648E+05 0.7987E-02
        362        362 0.3477E+03 0.6192E-09 0.5322E-09 0.3165E-09 0.5421E-03 0.7185E+00 0.2898E-01 -.1851E+00 -.4342E-03 -.9967E+02 0.9967E+02 0.4820E-04 -.2648E+05 0.2648E+05 0.8049E-02
        363        363 0.3487E+03 0.6067E-09 0.5214E-09 0.3101E-09 0.5422E-03 0.7185E+00 0.2898E-01 -.1850E+00 -.4346E-03 -.9967E+02 0.9967E+02 0.4844E-04 -.2648E+05 0.2648E+05 0.8110E-02
        364        364 0.3497E+03 0.5944E-09 0.5109E-09 0.3038E-09 0.5422E-03 0.7185E+00 0.2898E-01 -.1850E+00 -.4328E-03 -.9967E+02 0.9967E+02 0.4868E-04 -.2648E+05 0.2648E+05 0.8169E-02
        365        365 0.3507E+03 0.5823E-09 0.5005E-09 0.2976E-09 0.5422E-03 0.7184E+00 0.2898E-01 -.1850E+00 -.4319E-03 -.9967E+02 0.9967E+02 0.4891E-04 -.2648E+05 0.2648E+05 0.8228E-02
        366        366 0.3516E+03 0.5706E-09 0.4905E-09 0.2917E-09 0.5423E-03 0.7184E+00 0.2898E-01 -.1850E+00 -.4308E-03 -.9967E+02 0.9967E+02 0.4913E-04 -.2648E+05 0.2648E+05 0.8285E-02
        367        367 0.3527E+03 0.5591E-09 0.4806E-09 0.2857E-09 0.5423E-03 0.7184E+00 0.2898E-01 -.1850E+00 -.4304E-03 -.9967E+02 0.9967E+02 0.4936E-04 -.2648E+05 0.2648E+05 0.8340E-02
        368        368 0.3536E+03 0.5477E-09 0.4708E-09 0.2799E-09 0.5423E-03 0.7184E+00 0.2898E-01 -.1850E+00 -.4296E-03 -.9967E+02 0.9967E+02 0.4957E-04 -.2648E+05 0.2648E+05 0.8394E-02
        369        369 0.3546E+03 0.5367E-09 0.4614E-09 0.2743E-09 0.5424E-03 0.7183E+00 0.2898E-01 -.1850E+00 -.4285E-03 -.9967E+02 0.9967E+02 0.4978E-04 -.2648E+05 0.2648E+05 0.8447E-02
        370        370 0.3555E+03 0.5260E-09 0.4521E-09 0.2688E-09 0.5424E-03 0.7183E+00 0.2898E-01 -.1850E+00 -.4277E-03 -.9967E+02 0.9967E+02 0.4999E-04 -.2648E+05 0.2648E+05 0.8498E-02
        371        371 0.3566E+03 0.5153E-09 0.4429E-09 0.2633E-09 0.5424E-03 0.7183E+00 0.2898E-01 -.1850E+00 -.4268E-03 -.9967E+02 0.9967E+02 0.5019E-04 -.2648E+05 0.2648E+05 0.8548E-02
        372        372 0.3576E+03 0.5050E-09 0.4341E-09 0.2580E-09 0.5425E-03 0.7183E+00 0.2898E-01 -.1850E+00 -.4262E-03 -.9967E+02 0.9967E+02 0.5038E-04 -.2648E+05 0.2648E+05 0.8598E-02
        373        373 0.3585E+03 0.4947E-09 0.4253E-09 0.2528E-09 0.5425E-03 0.7182E+00 0.2898E-01 -.1850E+00 -.4251E-03 -.9967E+02 0.9967E+02 0.5058E-04 -.2648E+05 0.2648E+05 0.8646E-02
        374        374 0.3595E+03 0.4847E-09 0.4167E-09 0.2477E-09 0.5425E-03 0.7182E+00 0.2899E-01 -.1850E+00 -.4256E-03 -.9967E+02 0.9967E+02 0.5077E-04 -.2648E+05 0.2648E+05 0.8694E-02
        375        375 0.3604E+03 0.4750E-09 0.4083E-09 0.2426E-09 0.5425E-03 0.7182E+00 0.2899E-01 -.1850E+00 -.4243E-03 -.9967E+02 0.9967E+02 0.5096E-04 -.2648E+05 0.2648E+05 0.8741E-02
        376        376 0.3614E+03 0.4655E-09 0.4002E-09 0.2378E-09 0.5426E-03 0.7182E+00 0.2899E-01 -.1850E+00 -.4236E-03 -.9967E+02 0.9967E+02 0.5114E-04 -.2648E+05 0.2648E+05 0.8787E-02
        377        377 0.3624E+03 0.4560E-09 0.3920E-09 0.2329E-09 0.5426E-03 0.7181E+00 0.2899E-01 -.1850E+00 -.4230E-03 -.9967E+02 0.9967E+02 0.5132E-04 -.2648E+05 0.2648E+05 0.8832E-02
        378        378 0.3634E+03 0.4469E-09 0.3842E-09 0.2282E-09 0.5426E-03 0.7181E+00 0.2899E-01 -.1850E+00 -.4223E-03 -.9967E+02 0.9967E+02 0.5149E-04 -.2648E+05 0.2648E+05 0.8876E-02
        379        379 0.3644E+03 0.4378E-09 0.3765E-09 0.2235E-09 0.5426E-03 0.7181E+00 0.2899E-01 -.1850E+00 -.4226E-03 -.9967E+02 0.9967E+02 0.5167E-04 -.2648E+05 0.2648E+05 0.8919E-02
        380        380 0.3653E+03 0.4290E-09 0.3689E-09 0.2190E-09 0.5427E-03 0.7181E+00 0.2899E-01 -.1850E+00 -.4218E-03 -.9967E+02 0.9967E+02 0.5184E-04 -.2648E+05 0.2648E+05 0.8962E-02
        381        381 0.3663E+03 0.4204E-09 0.3615E-09 0.2147E-09 0.5427E-03 0.7181E+00 0.2899E-01 -.1850E+00 -.4209E-03 -.9967E+02 0.9967E+02 0.5200E-04 -.2648E+05 0.2648E+05 0.9003E-02
        382        382 0.3673E+03 0.4120E-09 0.3542E-09 0.2104E-09 0.5427E-03 0.7180E+00 0.2899E-01 -.1850E+00 -.4206E-03 -.9967E+02 0.9967E+02 0.5216E-04 -.2648E+05 0.2648E+05 0.9044E-02
        383        383 0.3682E+03 0.4038E-09 0.3472E-09 0.2062E-09 0.5427E-03 0.7180E+00 0.2899E-01 -.1850E+00 -.4199E-03 -.9967E+02 0.9967E+02 0.5232E-04 -.2648E+05 0.2648E+05 0.9083E-02
        384        384 0.3691E+03 0.3957E-09 0.3402E-09 0.2021E-09 0.5427E-03 0.7180E+00 0.2899E-01 -.1850E+00 -.4200E-03 -.9967E+02 0.9967E+02 0.5247E-04 -.2648E+05 0.2648E+05 0.9122E-02
        385        385 0.3702E+03 0.3878E-09 0.3335E-09 0.1980E-09 0.5428E-03 0.7180E+00 0.2899E-01 -.1850E+00 -.4192E-03 -.9967E+02 0.9967E+02 0.5262E-04 -.2648E+05 0.2648E+05 0.9159E-02
        386        386 0.3711E+03 0.3802E-09 0.3269E-09 0.1941E-09 0.5428E-03 0.7180E+00 0.2899E-01 -.1850E+00 -.4189E-03 -.9967E+02 0.9967E+02 0.5277E-04 -.2648E+05 0.2648E+05 0.9196E-02
        387        387 0.3721E+03 0.3725E-09 0.3203E-09 0.1902E-09 0.5428E-03 0.7179E+00 0.2899E-01 -.1850E+00 -.4184E-03 -.9967E+02 0.9967E+02 0.5292E-04 -.2648E+05 0.2648E+05 0.9233E-02
        388        388 0.3730E+03 0.3651E-09 0.3139E-09 0.1864E-09 0.5428E-03 0.7179E+00 0.2900E-01 -.1850E+00 -.4180E-03 -.9967E+02 0.9967E+02 0.5306E-04 -.2648E+05 0.2648E+05 0.9268E-02
        389        389 0.3740E+03 0.3577E-09 0.3076E-09 0.1826E-09 0.5428E-03 0.7179E+00 0.2900E-01 -.1850E+00 -.4177E-03 -.9967E+02 0.9967E+02 0.5320E-04 -.2648E+05 0.2648E+05 0.9304E-02
        390        390 0.3749E+03 0.3505E-09 0.3014E-09 0.1789E-09 0.5429E-03 0.7179E+00 0.2900E-01 -.1850E+00 -.4176E-03 -.9967E+02 0.9967E+02 0.5334E-04 -.2648E+05 0.2648E+05 0.9338E-02
        391        391 0.3759E+03 0.3434E-09 0.2953E-09 0.1753E-09 0.5429E-03 0.7179E+00 0.2900E-01 -.1850E+00 -.4172E-03 -.9967E+02 0.9967E+02 0.5347E-04 -.2648E+05 0.2648E+05 0.9372E-02
        392        392 0.3769E+03 0.3365E-09 0.2893E-09 0.1718E-09 0.5429E-03 0.7179E+00 0.2900E-01 -.1850E+00 -.4167E-03 -.9967E+02 0.9967E+02 0.5361E-04 -.2648E+05 0.2648E+05 0.9405E-02
        393        393 0.3778E+03 0.3298E-09 0.2836E-09 0.1684E-09 0.5429E-03 0.7178E+00 0.2900E-01 -.1850E+00 -.4165E-03 -.9967E+02 0.9967E+02 0.5374E-04 -.2648E+05 0.2648E+05 0.9438E-02
        394        394 0.3788E+03 0.3231E-09 0.2778E-09 0.1650E-09 0.5429E-03 0.7178E+00 0.2900E-01 -.1850E+00 -.4161E-03 -.9967E+02 0.9967E+02 0.5386E-04 -.2648E+05 0.2648E+05 0.9470E-02
        395        395 0.3797E+03 0.3167E-09 0.2723E-09 0.1617E-09 0.5430E-03 0.7178E+00 0.2900E-01 -.1850E+00 -.4158E-03 -.9967E+02 0.9967E+02 0.5399E-04 -.2648E+05 0.2648E+05 0.9501E-02
        396        396 0.3806E+03 0.3103E-09 0.2668E-09 0.1584E-09 0.5430E-03 0.7178E+00 0.2900E-01 -.1850E+00 -.4160E-03 -.9967E+02 0.9967E+02 0.5411E-04 -.2648E+05 0.2648E+05 0.9532E-02
        397        397 0.3816E+03 0.3039E-09 0.2613E-09 0.1552E-09 0.5430E-03 0.7178E+00 0.2900E-01 -.1850E+00 -.4155E-03 -.9967E+02 0.9967E+02 0.5423E-04 -.2648E+05 0.2648E+05 0.9562E-02
        398        398 0.3826E+03 0.2979E-09 0.2562E-09 0.1521E-09 0.5430E-03 0.7178E+00 0.2900E-01 -.1850E+00 -.4153E-03 -.9967E+02 0.9967E+02 0.5435E-04 -.2648E+05 0.2648E+05 0.9591E-02
        399        399 0.3836E+03 0.2919E-09 0.2510E-09 0.1490E-09 0.5430E-03 0.7178E+00 0.2900E-01 -.1850E+00 -.4149E-03 -.9967E+02 0.9967E+02 0.5446E-04 -.2648E+05 0.2648E+05 0.9620E-02
        400        400 0.3845E+03 0.2860E-09 0.2460E-09 0.1460E-09 0.5430E-03 0.7177E+00 0.2900E-01 -.1850E+00 -.4147E-03 -.9967E+02 0.9967E+02 0.5457E-04 -.2648E+05 0.2648E+05 0.9647E-02
        401        401 0.3855E+03 0.2803E-09 0.2410E-09 0.1431E-09 0.5430E-03 0.7177E+00 0.2900E-01 -.1849E+00 -.4144E-03 -.9967E+02 0.9967E+02 0.5468E-04 -.2648E+05 0.2648E+05 0.9675E-02
        402        402 0.3865E+03 0.2748E-09 0.2363E-09 0.1402E-09 0.5431E-03 0.7177E+00 0.2900E-01 -.1849E+00 -.4147E-03 -.9967E+02 0.9967E+02 0.5479E-04 -.2648E+05 0.2648E+05 0.9701E-02
        403        403 0.3874E+03 0.2692E-09 0.2315E-09 0.1374E-09 0.5431E-03 0.7177E+00 0.2900E-01 -.1849E+00 -.4142E-03 -.9967E+02 0.9967E+02 0.5489E-04 -.2648E+05 0.2648E+05 0.9728E-02
        404        404 0.3883E+03 0.2638E-09 0.2269E-09 0.1346E-09 0.5431E-03 0.7177E+00 0.2900E-01 -.1849E+00 -.4140E-03 -.9967E+02 0.9967E+02 0.5500E-04 -.2648E+05 0.2648E+05 0.9754E-02
        405        405 0.3893E+03 0.2585E-09 0.2222E-09 0.1320E-09 0.5431E-03 0.7177E+00 0.2900E-01 -.1849E+00 -.4137E-03 -.9967E+02 0.9967E+02 0.5510E-04 -.2648E+05 0.2648E+05 0.9779E-02
        406        406 0.3903E+03 0.2534E-09 0.2179E-09 0.1293E-09 0.5431E-03 0.7177E+00 0.2900E-01 -.1849E+00 -.4136E-03 -.9967E+02 0.9967E+02 0.5520E-04 -.2648E+05 0.2648E+05 0.9804E-02
        407        407 0.3912E+03 0.2482E-09 0.2134E-09 0.1267E-09 0.5431E-03 0.7177E+00 0.2900E-01 -.1849E+00 -.4134E-03 -.9967E+02 0.9967E+02 0.5529E-04 -.2648E+05 0.2648E+05 0.9828E-02
        408        408 0.3922E+03 0.2432E-09 0.2092E-09 0.1242E-09 0.5431E-03 0.7176E+00 0.2900E-01 -.1849E+00 -.4137E-03 -.9967E+02 0.9967E+02 0.5539E-04 -.2648E+05 0.2648E+05 0.9852E-02
        409        409 0.3931E+03 0.2383E-09 0.2049E-09 0.1216E-09 0.5432E-03 0.7176E+00 0.2901E-01 -.1849E+00 -.4132E-03 -.9967E+02 0.9967E+02 0.5548E-04 -.2648E+05 0.2648E+05 0.9876E-02
        410        410 0.3941E+03 0.2335E-09 0.2008E-09 0.1192E-09 0.5432E-03 0.7176E+00 0.2901E-01 -.1849E+00 -.4129E-03 -.9967E+02 0.9967E+02 0.5557E-04 -.2648E+05 0.2648E+05 0.9899E-02
        411        411 0.3951E+03 0.2288E-09 0.1967E-09 0.1168E-09 0.5432E-03 0.7176E+00 0.2901E-01 -.1849E+00 -.4128E-03 -.9967E+02 0.9967E+02 0.5566E-04 -.2648E+05 0.2648E+05 0.9921E-02
        412        412 0.3961E+03 0.2242E-09 0.1928E-09 0.1144E-09 0.5432E-03 0.7176E+00 0.2901E-01 -.1849E+00 -.4124E-03 -.9967E+02 0.9967E+02 0.5575E-04 -.2648E+05 0.2648E+05 0.9943E-02
        413        413 0.3970E+03 0.2197E-09 0.1889E-09 0.1122E-09 0.5432E-03 0.7176E+00 0.2901E-01 -.1849E+00 -.4128E-03 -.9967E+02 0.9967E+02 0.5584E-04 -.2648E+05 0.2648E+05 0.9965E-02
        414        414 0.3980E+03 0.2153E-09 0.1851E-09 0.1099E-09 0.5432E-03 0.7176E+00 0.2901E-01 -.1849E+00 -.4124E-03 -.9967E+02 0.9967E+02 0.5592E-04 -.2648E+05 0.2648E+05 0.9986E-02
        415        415 0.3989E+03 0.2110E-09 0.1814E-09 0.1077E-09 0.5432E-03 0.7176E+00 0.2901E-01 -.1849E+00 -.4123E-03 -.9967E+02 0.9967E+02 0.5600E-04 -.2648E+05 0.2648E+05 0.1001E-01
        416        416 0.3999E+03 0.2068E-09 0.1778E-09 0.1055E-09 0.5432E-03 0.7176E+00 0.2901E-01 -.1849E+00 -.4121E-03 -.9967E+02 0.9967E+02 0.5608E-04 -.2648E+05 0.2648E+05 0.1003E-01
        417        417 0.4008E+03 0.2026E-09 0.1742E-09 0.1034E-09 0.5432E-03 0.7175E+00 0.2901E-01 -.1849E+00 -.4121E-03 -.9967E+02 0.9967E+02 0.5616E-04 -.2648E+05 0.2648E+05 0.1005E-01
        418        418 0.4020E+03 0.1986E-09 0.1708E-09 0.1013E-09 0.5433E-03 0.7175E+00 0.2901E-01 -.1849E+00 -.4121E-03 -.9967E+02 0.9967E+02 0.5624E-04 -.2648E+05 0.2648E+05 0.1007E-01
        419        419 0.4030E+03 0.1946E-09 0.1674E-09 0.9930E-10 0.5433E-03 0.7175E+00 0.2901E-01 -.1849E+00 -.4118E-03 -.9967E+02 0.9967E+02 0.5632E-04 -.2648E+05 0.2648E+05 0.1009E-01
        420        420 0.4040E+03 0.1907E-09 0.1640E-09 0.9730E-10 0.5433E-03 0.7175E+00 0.2901E-01 -.1849E+00 -.4118E-03 -.9967E+02 0.9967E+02 0.5639E-04 -.2648E+05 0.2648E+05 0.1010E-01
        421        421 0.4049E+03 0.1868E-09 0.1607E-09 0.9535E-10 0.5433E-03 0.7175E+00 0.2901E-01 -.1849E+00 -.4116E-03 -.9967E+02 0.9967E+02 0.5647E-04 -.2648E+05 0.2648E+05 0.1012E-01
        422        422 0.4059E+03 0.1831E-09 0.1575E-09 0.9344E-10 0.5433E-03 0.7175E+00 0.2901E-01 -.1849E+00 -.4115E-03 -.9967E+02 0.9967E+02 0.5654E-04 -.2648E+05 0.2648E+05 0.1014E-01
        423        423 0.4068E+03 0.1794E-09 0.1543E-09 0.9155E-10 0.5433E-03 0.7175E+00 0.2901E-01 -.1849E+00 -.4113E-03 -.9967E+02 0.9967E+02 0.5661E-04 -.2648E+05 0.2648E+05 0.1016E-01
        424        424 0.4078E+03 0.1758E-09 0.1512E-09 0.8970E-10 0.5433E-03 0.7175E+00 0.2901E-01 -.1849E+00 -.4116E-03 -.9967E+02 0.9967E+02 0.5668E-04 -.2648E+05 0.2648E+05 0.1017E-01
        425        425 0.4087E+03 0.1722E-09 0.1481E-09 0.8790E-10 0.5433E-03 0.7175E+00 0.2901E-01 -.1849E+00 -.4113E-03 -.9967E+02 0.9967E+02 0.5674E-04 -.2648E+05 0.2648E+05 0.1019E-01
        426        426 0.4097E+03 0.1688E-09 0.1451E-09 0.8612E-10 0.5433E-03 0.7175E+00 0.2901E-01 -.1849E+00 -.4112E-03 -.9967E+02 0.9967E+02 0.5681E-04 -.2648E+05 0.2648E+05 0.1021E-01
        427        427 0.4106E+03 0.1653E-09 0.1422E-09 0.8439E-10 0.5433E-03 0.7175E+00 0.2901E-01 -.1849E+00 -.4111E-03 -.9967E+02 0.9967E+02 0.5687E-04 -.2648E+05 0.2648E+05 0.1022E-01
        428        428 0.4116E+03 0.1620E-09 0.1393E-09 0.8270E-10 0.5434E-03 0.7175E+00 0.2901E-01 -.1849E+00 -.4110E-03 -.9967E+02 0.9967E+02 0.5694E-04 -.2648E+05 0.2648E+05 0.1024E-01
        429        429 0.4126E+03 0.1588E-09 0.1365E-09 0.8102E-10 0.5434E-03 0.7174E+00 0.2901E-01 -.1849E+00 -.4109E-03 -.9967E+02 0.9967E+02 0.5700E-04 -.2648E+05 0.2648E+05 0.1026E-01
        430        430 0.4136E+03 0.1556E-09 0.1338E-09 0.7940E-10 0.5434E-03 0.7174E+00 0.2901E-01 -.1849E+00 -.4112E-03 -.9967E+02 0.9967E+02 0.5706E-04 -.2648E+05 0.2648E+05 0.1027E-01
        431        431 0.4145E+03 0.1524E-09 0.1311E-09 0.7779E-10 0.5434E-03 0.7174E+00 0.2901E-01 -.1849E+00 -.4109E-03 -.9967E+02 0.9967E+02 0.5712E-04 -.2648E+05 0.2648E+05 0.1029E-01
        432        432 0.4155E+03 0.1494E-09 0.1285E-09 0.7623E-10 0.5434E-03 0.7174E+00 0.2901E-01 -.1849E+00 -.4107E-03 -.9967E+02 0.9967E+02 0.5718E-04 -.2648E+05 0.2648E+05 0.1030E-01
        433        433 0.4165E+03 0.1464E-09 0.1259E-09 0.7468E-10 0.5434E-03 0.7174E+00 0.2901E-01 -.1849E+00 -.4107E-03 -.9967E+02 0.9967E+02 0.5724E-04 -.2648E+05 0.2648E+05 0.1032E-01
        434        434 0.4175E+03 0.1434E-09 0.1233E-09 0.7318E-10 0.5434E-03 0.7174E+00 0.2901E-01 -.1849E+00 -.4105E-03 -.9967E+02 0.9967E+02 0.5729E-04 -.2648E+05 0.2648E+05 0.1033E-01
        435        435 0.4185E+03 0.1406E-09 0.1209E-09 0.7172E-10 0.5434E-03 0.7174E+00 0.2901E-01 -.1849E+00 -.4106E-03 -.9967E+02 0.9967E+02 0.5735E-04 -.2648E+05 0.2648E+05 0.1034E-01
        436        436 0.4194E+03 0.1377E-09 0.1185E-09 0.7026E-10 0.5434E-03 0.7174E+00 0.2901E-01 -.1849E+00 -.4105E-03 -.9967E+02 0.9967E+02 0.5740E-04 -.2648E+05 0.2648E+05 0.1036E-01
        437        437 0.4203E+03 0.1350E-09 0.1161E-09 0.6884E-10 0.5434E-03 0.7174E+00 0.2901E-01 -.1849E+00 -.4104E-03 -.9967E+02 0.9967E+02 0.5745E-04 -.2648E+05 0.2648E+05 0.1037E-01
        438        438 0.4213E+03 0.1323E-09 0.1138E-09 0.6746E-10 0.5434E-03 0.7174E+00 0.2901E-01 -.1849E+00 -.4103E-03 -.9967E+02 0.9967E+02 0.5751E-04 -.2648E+05 0.2648E+05 0.1038E-01
        439        439 0.4222E+03 0.1296E-09 0.1115E-09 0.6609E-10 0.5434E-03 0.7174E+00 0.2901E-01 -.1849E+00 -.4103E-03 -.9967E+02 0.9967E+02 0.5756E-04 -.2648E+05 0.2648E+05 0.1040E-01
        440        440 0.4232E+03 0.1270E-09 0.1092E-09 0.6475E-10 0.5434E-03 0.7174E+00 0.2901E-01 -.1849E+00 -.4103E-03 -.9967E+02 0.9967E+02 0.5761E-04 -.2648E+05 0.2648E+05 0.1041E-01
        441        441 0.4241E+03 0.1244E-09 0.1070E-09 0.6345E-10 0.5434E-03 0.7174E+00 0.2901E-01 -.1849E+00 -.4102E-03 -.9967E+02 0.9967E+02 0.5766E-04 -.2648E+05 0.2648E+05 0.1042E-01
        442        442 0.4251E+03 0.1219E-09 0.1048E-09 0.6217E-10 0.5435E-03 0.7174E+00 0.2901E-01 -.1849E+00 -.4102E-03 -.9967E+02 0.9967E+02 0.5770E-04 -.2648E+05 0.2648E+05 0.1043E-01
        443        443 0.4261E+03 0.1194E-09 0.1027E-09 0.6092E-10 0.5435E-03 0.7174E+00 0.2901E-01 -.1849E+00 -.4101E-03 -.9967E+02 0.9967E+02 0.5775E-04 -.2648E+05 0.2648E+05 0.1044E-01
        444        444 0.4270E+03 0.1170E-09 0.1006E-09 0.5970E-10 0.5435E-03 0.7173E+00 0.2901E-01 -.1849E+00 -.4100E-03 -.9967E+02 0.9967E+02 0.5780E-04 -.2648E+05 0.2648E+05 0.1046E-01
        445        445 0.4280E+03 0.1147E-09 0.9864E-10 0.5851E-10 0.5435E-03 0.7173E+00 0.2901E-01 -.1849E+00 -.4099E-03 -.9967E+02 0.9967E+02 0.5784E-04 -.2648E+05 0.2648E+05 0.1047E-01
        446        446 0.4290E+03 0.1124E-09 0.9666E-10 0.5733E-10 0.5435E-03 0.7173E+00 0.2902E-01 -.1849E+00 -.4101E-03 -.9967E+02 0.9967E+02 0.5788E-04 -.2648E+05 0.2648E+05 0.1048E-01
        447        447 0.4300E+03 0.1101E-09 0.9470E-10 0.5618E-10 0.5435E-03 0.7173E+00 0.2902E-01 -.1849E+00 -.4099E-03 -.9967E+02 0.9967E+02 0.5793E-04 -.2648E+05 0.2648E+05 0.1049E-01
        448        448 0.4309E+03 0.1079E-09 0.9281E-10 0.5506E-10 0.5435E-03 0.7173E+00 0.2902E-01 -.1849E+00 -.4099E-03 -.9967E+02 0.9967E+02 0.5797E-04 -.2648E+05 0.2648E+05 0.1050E-01
        449        449 0.4318E+03 0.1058E-09 0.9098E-10 0.5396E-10 0.5435E-03 0.7173E+00 0.2902E-01 -.1849E+00 -.4098E-03 -.9967E+02 0.9967E+02 0.5801E-04 -.2648E+05 0.2648E+05 0.1051E-01
        450        450 0.4328E+03 0.1036E-09 0.8911E-10 0.5287E-10 0.5435E-03 0.7173E+00 0.2902E-01 -.1849E+00 -.4098E-03 -.9967E+02 0.9967E+02 0.5805E-04 -.2648E+05 0.2648E+05 0.1052E-01
        451        451 0.4337E+03 0.1016E-09 0.8736E-10 0.5182E-10 0.5435E-03 0.7173E+00 0.2902E-01 -.1849E+00 -.4097E-03 -.9967E+02 0.9967E+02 0.5809E-04 -.2648E+05 0.2648E+05 0.1053E-01
        452        452 0.4347E+03 0.9950E-10 0.8558E-10 0.5077E-10 0.5435E-03 0.7173E+00 0.2902E-01 -.1849E+00 -.4099E-03 -.9967E+02 0.9967E+02 0.5813E-04 -.2648E+05 0.2648E+05 0.1054E-01
