#  1  time step                
#  0  Newton iteration         
#  1  CPU time                 
#  1  overall residual drop    
#  1  total beta drop          
#  1  change in total beta drop
#  1  alpha residual drop      
#  1  momentum residual drop   
#  1  drop diameter residual   
#  1  droplet mass deficit %   
          1          1 0.2219E+00 0.1273E-06 0.3032E-02 0.6335E-06 0.4393E-06 0.8572E-07 0.3184E-30 0.8047E-02
          2          2 0.3945E+00 0.2301E-07 0.3028E-02 0.1337E-05 0.8343E-07 0.1295E-07 0.1027E-30 0.7793E-02
          3          3 0.5700E+00 0.9468E-08 0.3024E-02 0.2040E-05 0.3527E-07 0.4602E-08 0.9064E-31 0.7530E-02
          4          4 0.7396E+00 0.7196E-08 0.3019E-02 0.2790E-05 0.2738E-07 0.2961E-08 0.8917E-31 0.7262E-02
          5          5 0.1066E+01 0.6559E-08 0.3015E-02 0.3584E-05 0.2516E-07 0.2481E-08 0.8450E-31 0.6958E-02
          6          6 0.1271E+01 0.6297E-08 0.3010E-02 0.4360E-05 0.2423E-07 0.2294E-08 0.8181E-31 0.6622E-02
          7          7 0.1448E+01 0.6159E-08 0.3006E-02 0.4453E-05 0.2374E-07 0.2197E-08 0.8225E-31 0.6277E-02
          8          8 0.1622E+01 0.6077E-08 0.3002E-02 0.4378E-05 0.2345E-07 0.2132E-08 0.8031E-31 0.5947E-02
          9          9 0.1795E+01 0.6020E-08 0.2999E-02 0.4193E-05 0.2326E-07 0.2083E-08 0.8057E-31 0.5649E-02
         10         10 0.1993E+01 0.5981E-08 0.2996E-02 0.3848E-05 0.2312E-07 0.2047E-08 0.8035E-31 0.5388E-02
         11         11 0.2168E+01 0.5951E-08 0.2995E-02 0.3357E-05 0.2302E-07 0.2024E-08 0.7975E-31 0.5170E-02
         12         12 0.2346E+01 0.5931E-08 0.2993E-02 0.2795E-05 0.2294E-07 0.2009E-08 0.7808E-31 0.4992E-02
         13         13 0.2527E+01 0.5917E-08 0.2992E-02 0.2207E-05 0.2290E-07 0.1999E-08 0.7595E-31 0.4856E-02
         14         14 0.2700E+01 0.5909E-08 0.2992E-02 0.1657E-05 0.2287E-07 0.1994E-08 0.7877E-31 0.4761E-02
         15         15 0.2996E+01 0.5905E-08 0.2992E-02 0.1170E-05 0.2285E-07 0.1990E-08 0.7641E-31 0.4704E-02
         16         16 0.3190E+01 0.5904E-08 0.2992E-02 0.7616E-06 0.2285E-07 0.1989E-08 0.7757E-31 0.4684E-02
         17         17 0.3363E+01 0.5905E-08 0.2992E-02 0.4292E-06 0.2286E-07 0.1988E-08 0.7755E-31 0.4697E-02
         18         18 0.3542E+01 0.5907E-08 0.2992E-02 0.1691E-06 0.2286E-07 0.1988E-08 0.7804E-31 0.4740E-02
         19         19 0.3715E+01 0.5909E-08 0.2993E-02 0.2540E-07 0.2287E-07 0.1988E-08 0.7405E-31 0.4809E-02
         20         20 0.3886E+01 0.5911E-08 0.2993E-02 0.1667E-06 0.2288E-07 0.1988E-08 0.7547E-31 0.4900E-02
         21         21 0.4115E+01 0.5912E-08 0.2993E-02 0.2640E-06 0.2288E-07 0.1988E-08 0.7464E-31 0.5009E-02
         22         22 0.4425E+01 0.5912E-08 0.2994E-02 0.3270E-06 0.2288E-07 0.1987E-08 0.7578E-31 0.5132E-02
         23         23 0.4600E+01 0.5911E-08 0.2994E-02 0.3630E-06 0.2288E-07 0.1987E-08 0.7423E-31 0.5267E-02
         24         24 0.4830E+01 0.5909E-08 0.2995E-02 0.3793E-06 0.2288E-07 0.1985E-08 0.7531E-31 0.5410E-02
         25         25 0.5003E+01 0.5907E-08 0.2995E-02 0.3826E-06 0.2287E-07 0.1985E-08 0.7448E-31 0.5559E-02
         26         26 0.5176E+01 0.5905E-08 0.2995E-02 0.3768E-06 0.2286E-07 0.1984E-08 0.7488E-31 0.5710E-02
         27         27 0.5347E+01 0.5903E-08 0.2996E-02 0.3648E-06 0.2285E-07 0.1984E-08 0.7514E-31 0.5862E-02
         28         28 0.5533E+01 0.5900E-08 0.2996E-02 0.3487E-06 0.2284E-07 0.1983E-08 0.7569E-31 0.6014E-02
         29         29 0.5706E+01 0.5898E-08 0.2996E-02 0.3301E-06 0.2283E-07 0.1982E-08 0.7400E-31 0.6163E-02
         30         30 0.5881E+01 0.5896E-08 0.2996E-02 0.3102E-06 0.2282E-07 0.1982E-08 0.7505E-31 0.6308E-02
         31         31 0.6058E+01 0.5894E-08 0.2997E-02 0.2894E-06 0.2282E-07 0.1981E-08 0.7591E-31 0.6450E-02
         32         32 0.6274E+01 0.5893E-08 0.2997E-02 0.2685E-06 0.2281E-07 0.1981E-08 0.7506E-31 0.6586E-02
         33         33 0.6444E+01 0.5891E-08 0.2997E-02 0.2479E-06 0.2280E-07 0.1980E-08 0.7435E-31 0.6716E-02
         34         34 0.6615E+01 0.5890E-08 0.2997E-02 0.2280E-06 0.2280E-07 0.1980E-08 0.7461E-31 0.6840E-02
         35         35 0.6788E+01 0.5889E-08 0.2997E-02 0.2087E-06 0.2280E-07 0.1980E-08 0.7282E-31 0.6957E-02
         36         36 0.6958E+01 0.5888E-08 0.2998E-02 0.1905E-06 0.2279E-07 0.1979E-08 0.7240E-31 0.7068E-02
         37         37 0.7132E+01 0.5887E-08 0.2998E-02 0.1734E-06 0.2279E-07 0.1979E-08 0.7268E-31 0.7171E-02
         38         38 0.7306E+01 0.5887E-08 0.2998E-02 0.1574E-06 0.2279E-07 0.1979E-08 0.7259E-31 0.7268E-02
         39         39 0.7478E+01 0.5886E-08 0.2998E-02 0.1427E-06 0.2278E-07 0.1979E-08 0.7150E-31 0.7357E-02
         40         40 0.7647E+01 0.5886E-08 0.2998E-02 0.1291E-06 0.2278E-07 0.1978E-08 0.7188E-31 0.7440E-02
         41         41 0.7819E+01 0.5885E-08 0.2998E-02 0.1167E-06 0.2278E-07 0.1978E-08 0.6962E-31 0.7517E-02
         42         42 0.7990E+01 0.5885E-08 0.2998E-02 0.1053E-06 0.2278E-07 0.1978E-08 0.7139E-31 0.7587E-02
         43         43 0.8167E+01 0.5884E-08 0.2998E-02 0.9493E-07 0.2278E-07 0.1978E-08 0.7019E-31 0.7651E-02
         44         44 0.8348E+01 0.5884E-08 0.2998E-02 0.8550E-07 0.2278E-07 0.1978E-08 0.7246E-31 0.7709E-02
         45         45 0.8542E+01 0.5884E-08 0.2998E-02 0.7691E-07 0.2277E-07 0.1978E-08 0.7070E-31 0.7761E-02
         46         46 0.8726E+01 0.5883E-08 0.2998E-02 0.6908E-07 0.2277E-07 0.1977E-08 0.7119E-31 0.7809E-02
         47         47 0.8899E+01 0.5883E-08 0.2998E-02 0.6198E-07 0.2277E-07 0.1977E-08 0.7077E-31 0.7852E-02
         48         48 0.9085E+01 0.5883E-08 0.2999E-02 0.5559E-07 0.2277E-07 0.1977E-08 0.7165E-31 0.7891E-02
         49         49 0.9259E+01 0.5882E-08 0.2999E-02 0.4984E-07 0.2277E-07 0.1977E-08 0.7194E-31 0.7926E-02
         50         50 0.9435E+01 0.5882E-08 0.2999E-02 0.4468E-07 0.2277E-07 0.1977E-08 0.7130E-31 0.7958E-02
         51         51 0.9606E+01 0.5882E-08 0.2999E-02 0.4004E-07 0.2277E-07 0.1977E-08 0.7287E-31 0.7986E-02
         52         52 0.9796E+01 0.5881E-08 0.2999E-02 0.3589E-07 0.2277E-07 0.1976E-08 0.7212E-31 0.8012E-02
         53         53 0.9969E+01 0.5881E-08 0.2999E-02 0.3216E-07 0.2276E-07 0.1976E-08 0.7210E-31 0.8035E-02
         54         54 0.1014E+02 0.5881E-08 0.2999E-02 0.2882E-07 0.2276E-07 0.1976E-08 0.7226E-31 0.8055E-02
         55         55 0.1032E+02 0.5881E-08 0.2999E-02 0.2583E-07 0.2276E-07 0.1976E-08 0.7171E-31 0.8074E-02
         56         56 0.1052E+02 0.5880E-08 0.2999E-02 0.2316E-07 0.2276E-07 0.1976E-08 0.7095E-31 0.8091E-02
         57         57 0.1069E+02 0.5880E-08 0.2999E-02 0.2078E-07 0.2276E-07 0.1976E-08 0.7136E-31 0.8106E-02
         58         58 0.1087E+02 0.5880E-08 0.2999E-02 0.1865E-07 0.2276E-07 0.1975E-08 0.7149E-31 0.8120E-02
         59         59 0.1104E+02 0.5880E-08 0.2999E-02 0.1675E-07 0.2276E-07 0.1975E-08 0.7062E-31 0.8132E-02
         60         60 0.1121E+02 0.5879E-08 0.2999E-02 0.1505E-07 0.2276E-07 0.1975E-08 0.7169E-31 0.8143E-02
         61         61 0.1138E+02 0.5879E-08 0.2999E-02 0.1354E-07 0.2276E-07 0.1975E-08 0.7163E-31 0.8153E-02
         62         62 0.1156E+02 0.5879E-08 0.2999E-02 0.1218E-07 0.2276E-07 0.1975E-08 0.7151E-31 0.8162E-02
         63         63 0.1173E+02 0.5879E-08 0.2999E-02 0.1097E-07 0.2276E-07 0.1975E-08 0.7104E-31 0.8171E-02
         64         64 0.1191E+02 0.5878E-08 0.2999E-02 0.9893E-08 0.2276E-07 0.1975E-08 0.7078E-31 0.8178E-02
         65         65 0.1209E+02 0.5878E-08 0.2999E-02 0.8924E-08 0.2275E-07 0.1975E-08 0.7129E-31 0.8184E-02
         66         66 0.1226E+02 0.5878E-08 0.2999E-02 0.8055E-08 0.2275E-07 0.1975E-08 0.7104E-31 0.8190E-02
         67         67 0.1243E+02 0.5878E-08 0.2999E-02 0.7277E-08 0.2275E-07 0.1974E-08 0.7144E-31 0.8195E-02
         68         68 0.1264E+02 0.5878E-08 0.2999E-02 0.6579E-08 0.2275E-07 0.1974E-08 0.7211E-31 0.8200E-02
         69         69 0.1281E+02 0.5877E-08 0.2999E-02 0.5953E-08 0.2275E-07 0.1974E-08 0.7226E-31 0.8205E-02
         70         70 0.1298E+02 0.5877E-08 0.2999E-02 0.5389E-08 0.2275E-07 0.1974E-08 0.7224E-31 0.8209E-02
         71         71 0.1317E+02 0.5877E-08 0.2999E-02 0.4880E-08 0.2275E-07 0.1974E-08 0.7234E-31 0.8212E-02
         72         72 0.1334E+02 0.5877E-08 0.2999E-02 0.4421E-08 0.2275E-07 0.1974E-08 0.7259E-31 0.8215E-02
         73         73 0.1351E+02 0.5877E-08 0.2999E-02 0.4006E-08 0.2275E-07 0.1974E-08 0.7151E-31 0.8218E-02
         74         74 0.1369E+02 0.5877E-08 0.2999E-02 0.3630E-08 0.2275E-07 0.1974E-08 0.7159E-31 0.8220E-02
         75         75 0.1386E+02 0.5876E-08 0.2999E-02 0.3290E-08 0.2275E-07 0.1974E-08 0.7119E-31 0.8222E-02
         76         76 0.1403E+02 0.5876E-08 0.2999E-02 0.2981E-08 0.2275E-07 0.1974E-08 0.7178E-31 0.8224E-02
         77         77 0.1422E+02 0.5876E-08 0.2999E-02 0.2701E-08 0.2275E-07 0.1974E-08 0.7072E-31 0.8225E-02
         78         78 0.1439E+02 0.5876E-08 0.2999E-02 0.2447E-08 0.2275E-07 0.1973E-08 0.7125E-31 0.8226E-02
         79         79 0.1457E+02 0.5876E-08 0.2999E-02 0.2217E-08 0.2275E-07 0.1973E-08 0.7157E-31 0.8226E-02
         80         80 0.1476E+02 0.5876E-08 0.2999E-02 0.2008E-08 0.2274E-07 0.1973E-08 0.7103E-31 0.8227E-02
         81         81 0.1493E+02 0.5875E-08 0.2999E-02 0.1819E-08 0.2274E-07 0.1973E-08 0.7123E-31 0.8227E-02
         82         82 0.1510E+02 0.5875E-08 0.2999E-02 0.1647E-08 0.2274E-07 0.1973E-08 0.7079E-31 0.8227E-02
         83         83 0.1529E+02 0.5875E-08 0.2999E-02 0.1491E-08 0.2274E-07 0.1973E-08 0.7024E-31 0.8226E-02
         84         84 0.1551E+02 0.5875E-08 0.2999E-02 0.1349E-08 0.2274E-07 0.1973E-08 0.7028E-31 0.8226E-02
         85         85 0.1568E+02 0.5875E-08 0.2999E-02 0.1220E-08 0.2274E-07 0.1973E-08 0.7110E-31 0.8225E-02
         86         86 0.1586E+02 0.5875E-08 0.2999E-02 0.1103E-08 0.2274E-07 0.1973E-08 0.7047E-31 0.8224E-02
         87         87 0.1604E+02 0.5875E-08 0.2999E-02 0.9969E-09 0.2274E-07 0.1973E-08 0.7120E-31 0.8223E-02
         88         88 0.1622E+02 0.5875E-08 0.2999E-02 0.9003E-09 0.2274E-07 0.1973E-08 0.7174E-31 0.8222E-02
         89         89 0.1639E+02 0.5874E-08 0.2999E-02 0.8128E-09 0.2274E-07 0.1973E-08 0.7159E-31 0.8220E-02
         90         90 0.1657E+02 0.5874E-08 0.2999E-02 0.7335E-09 0.2274E-07 0.1973E-08 0.7139E-31 0.8219E-02
         91         91 0.1674E+02 0.5874E-08 0.2999E-02 0.6617E-09 0.2274E-07 0.1973E-08 0.7098E-31 0.8218E-02
         92         92 0.1694E+02 0.5874E-08 0.2999E-02 0.5965E-09 0.2274E-07 0.1973E-08 0.7099E-31 0.8216E-02
         93         93 0.1711E+02 0.5874E-08 0.2999E-02 0.5373E-09 0.2274E-07 0.1973E-08 0.7154E-31 0.8214E-02
         94         94 0.1728E+02 0.5874E-08 0.2999E-02 0.4836E-09 0.2274E-07 0.1973E-08 0.7171E-31 0.8212E-02
         95         95 0.1745E+02 0.5874E-08 0.2999E-02 0.4351E-09 0.2274E-07 0.1973E-08 0.7047E-31 0.8210E-02
         96         96 0.1762E+02 0.5874E-08 0.2999E-02 0.3912E-09 0.2274E-07 0.1972E-08 0.7165E-31 0.8208E-02
         97         97 0.1781E+02 0.5874E-08 0.2999E-02 0.3515E-09 0.2274E-07 0.1972E-08 0.7184E-31 0.8206E-02
         98         98 0.1797E+02 0.5873E-08 0.2999E-02 0.3157E-09 0.2274E-07 0.1972E-08 0.7107E-31 0.8204E-02
         99         99 0.1814E+02 0.5873E-08 0.2999E-02 0.2834E-09 0.2274E-07 0.1972E-08 0.7160E-31 0.8202E-02
        100        100 0.1831E+02 0.5873E-08 0.2999E-02 0.2542E-09 0.2274E-07 0.1972E-08 0.7178E-31 0.8199E-02
        101        101 0.1851E+02 0.5873E-08 0.2999E-02 0.2279E-09 0.2274E-07 0.1972E-08 0.7111E-31 0.8197E-02
        102        102 0.1869E+02 0.5873E-08 0.2999E-02 0.2042E-09 0.2273E-07 0.1972E-08 0.7138E-31 0.8195E-02
        103        103 0.1890E+02 0.5873E-08 0.2999E-02 0.1829E-09 0.2273E-07 0.1972E-08 0.7110E-31 0.8192E-02
        104        104 0.1907E+02 0.5873E-08 0.2999E-02 0.1637E-09 0.2273E-07 0.1972E-08 0.7170E-31 0.8190E-02
        105        105 0.1924E+02 0.5873E-08 0.2999E-02 0.1465E-09 0.2273E-07 0.1972E-08 0.7291E-31 0.8188E-02
        106        106 0.1941E+02 0.5873E-08 0.2999E-02 0.1309E-09 0.2273E-07 0.1972E-08 0.7131E-31 0.8185E-02
        107        107 0.1958E+02 0.5873E-08 0.2999E-02 0.1170E-09 0.2273E-07 0.1972E-08 0.7194E-31 0.8183E-02
        108        108 0.1974E+02 0.5872E-08 0.2999E-02 0.1045E-09 0.2273E-07 0.1972E-08 0.7184E-31 0.8180E-02
        109        109 0.1992E+02 0.5872E-08 0.2999E-02 0.9329E-10 0.2273E-07 0.1972E-08 0.7166E-31 0.8178E-02
        110        110 0.2009E+02 0.5872E-08 0.2999E-02 0.8327E-10 0.2273E-07 0.1972E-08 0.7077E-31 0.8176E-02
        111        111 0.2026E+02 0.5872E-08 0.2999E-02 0.7427E-10 0.2273E-07 0.1972E-08 0.7139E-31 0.8173E-02
        112        112 0.2043E+02 0.5872E-08 0.2999E-02 0.6625E-10 0.2273E-07 0.1972E-08 0.7121E-31 0.8171E-02
        113        113 0.2060E+02 0.5872E-08 0.2999E-02 0.5905E-10 0.2273E-07 0.1972E-08 0.7114E-31 0.8168E-02
        114        114 0.2077E+02 0.5872E-08 0.2999E-02 0.5262E-10 0.2273E-07 0.1972E-08 0.7170E-31 0.8166E-02
        115        115 0.2095E+02 0.5872E-08 0.2999E-02 0.4685E-10 0.2273E-07 0.1972E-08 0.7155E-31 0.8164E-02
        116        116 0.2113E+02 0.5872E-08 0.2999E-02 0.4168E-10 0.2273E-07 0.1972E-08 0.7074E-31 0.8161E-02
        117        117 0.2130E+02 0.5872E-08 0.2999E-02 0.3709E-10 0.2273E-07 0.1972E-08 0.7213E-31 0.8159E-02
        118        118 0.2146E+02 0.5872E-08 0.2999E-02 0.3301E-10 0.2273E-07 0.1972E-08 0.7089E-31 0.8157E-02
        119        119 0.2163E+02 0.5871E-08 0.2999E-02 0.2938E-10 0.2273E-07 0.1972E-08 0.7107E-31 0.8154E-02
        120        120 0.2180E+02 0.5871E-08 0.2999E-02 0.2611E-10 0.2273E-07 0.1972E-08 0.7247E-31 0.8152E-02
