#  1  time step                
#  0  Newton iteration         
#  1  CPU time                 
#  1  overall residual drop    
#  1  total beta drop          
#  1  change in total beta drop
#  1  alpha residual drop      
#  1  momentum residual drop   
#  1  drop diameter residual   
#  1  droplet mass deficit %   
          1          1 0.2745E+00 0.6232E-07 0.3077E-02 0.1117E-05 0.1948E-06 0.5185E-07 0.3089E-30 0.1082E-01
          2          2 0.5078E+00 0.1481E-07 0.3070E-02 0.2347E-05 0.4949E-07 0.1084E-07 0.1122E-30 0.1061E-01
          3          3 0.7381E+00 0.9617E-08 0.3063E-02 0.3534E-05 0.3551E-07 0.4932E-08 0.9567E-31 0.1023E-01
          4          4 0.9976E+00 0.8119E-08 0.3056E-02 0.4711E-05 0.3117E-07 0.3042E-08 0.9199E-31 0.9710E-02
          5          5 0.1247E+01 0.7217E-08 0.3049E-02 0.5860E-05 0.2803E-07 0.2307E-08 0.8740E-31 0.9115E-02
          6          6 0.1488E+01 0.6584E-08 0.3042E-02 0.6944E-05 0.2564E-07 0.1997E-08 0.8800E-31 0.8472E-02
          7          7 0.1827E+01 0.6103E-08 0.3037E-02 0.6799E-05 0.2378E-07 0.1833E-08 0.8600E-31 0.7804E-02
          8          8 0.2094E+01 0.5727E-08 0.3032E-02 0.6396E-05 0.2232E-07 0.1722E-08 0.8289E-31 0.7132E-02
          9          9 0.2345E+01 0.5457E-08 0.3028E-02 0.5875E-05 0.2127E-07 0.1643E-08 0.8391E-31 0.6470E-02
         10         10 0.2652E+01 0.5263E-08 0.3025E-02 0.5208E-05 0.2051E-07 0.1586E-08 0.8235E-31 0.5830E-02
         11         11 0.2889E+01 0.5122E-08 0.3022E-02 0.4423E-05 0.1996E-07 0.1546E-08 0.8069E-31 0.5221E-02
         12         12 0.3154E+01 0.5019E-08 0.3021E-02 0.3580E-05 0.1956E-07 0.1516E-08 0.8153E-31 0.4655E-02
         13         13 0.3389E+01 0.4942E-08 0.3020E-02 0.2746E-05 0.1925E-07 0.1494E-08 0.8215E-31 0.4138E-02
         14         14 0.3628E+01 0.4884E-08 0.3020E-02 0.1978E-05 0.1903E-07 0.1477E-08 0.8044E-31 0.3676E-02
         15         15 0.3912E+01 0.4840E-08 0.3020E-02 0.1308E-05 0.1886E-07 0.1464E-08 0.8094E-31 0.3275E-02
         16         16 0.4322E+01 0.4809E-08 0.3020E-02 0.7534E-06 0.1873E-07 0.1455E-08 0.7995E-31 0.2936E-02
         17         17 0.4637E+01 0.4787E-08 0.3021E-02 0.3127E-06 0.1865E-07 0.1449E-08 0.7831E-31 0.2659E-02
         18         18 0.4911E+01 0.4775E-08 0.3021E-02 0.2280E-07 0.1860E-07 0.1448E-08 0.7812E-31 0.2440E-02
         19         19 0.5544E+01 0.4771E-08 0.3022E-02 0.2670E-06 0.1858E-07 0.1449E-08 0.7973E-31 0.2276E-02
         20         20 0.5897E+01 0.4775E-08 0.3022E-02 0.4355E-06 0.1859E-07 0.1454E-08 0.7586E-31 0.2159E-02
         21         21 0.6181E+01 0.4786E-08 0.3023E-02 0.5442E-06 0.1864E-07 0.1461E-08 0.7686E-31 0.2084E-02
         22         22 0.6414E+01 0.4803E-08 0.3024E-02 0.6059E-06 0.1870E-07 0.1467E-08 0.7805E-31 0.2044E-02
         23         23 0.6645E+01 0.4825E-08 0.3024E-02 0.6321E-06 0.1879E-07 0.1473E-08 0.7675E-31 0.2032E-02
         24         24 0.6875E+01 0.4853E-08 0.3025E-02 0.6324E-06 0.1890E-07 0.1478E-08 0.7847E-31 0.2041E-02
         25         25 0.7106E+01 0.4884E-08 0.3025E-02 0.6146E-06 0.1902E-07 0.1480E-08 0.7676E-31 0.2066E-02
         26         26 0.7341E+01 0.4913E-08 0.3026E-02 0.5847E-06 0.1914E-07 0.1479E-08 0.7753E-31 0.2104E-02
         27         27 0.7613E+01 0.4942E-08 0.3026E-02 0.5467E-06 0.1926E-07 0.1477E-08 0.7841E-31 0.2151E-02
         28         28 0.7861E+01 0.4971E-08 0.3027E-02 0.5048E-06 0.1938E-07 0.1476E-08 0.8014E-31 0.2204E-02
         29         29 0.8096E+01 0.5000E-08 0.3027E-02 0.4617E-06 0.1950E-07 0.1475E-08 0.7879E-31 0.2262E-02
         30         30 0.8329E+01 0.5029E-08 0.3027E-02 0.4192E-06 0.1963E-07 0.1473E-08 0.7874E-31 0.2325E-02
         31         31 0.8559E+01 0.5059E-08 0.3028E-02 0.3784E-06 0.1975E-07 0.1470E-08 0.7685E-31 0.2393E-02
         32         32 0.8796E+01 0.5088E-08 0.3028E-02 0.3404E-06 0.1987E-07 0.1466E-08 0.7808E-31 0.2465E-02
         33         33 0.9027E+01 0.5117E-08 0.3028E-02 0.3055E-06 0.1999E-07 0.1463E-08 0.7839E-31 0.2542E-02
         34         34 0.9261E+01 0.5142E-08 0.3028E-02 0.2739E-06 0.2010E-07 0.1459E-08 0.7742E-31 0.2625E-02
         35         35 0.9507E+01 0.5164E-08 0.3029E-02 0.2456E-06 0.2019E-07 0.1456E-08 0.7746E-31 0.2715E-02
         36         36 0.9768E+01 0.5185E-08 0.3029E-02 0.2204E-06 0.2028E-07 0.1452E-08 0.7750E-31 0.2812E-02
         37         37 0.9998E+01 0.5204E-08 0.3029E-02 0.1982E-06 0.2036E-07 0.1447E-08 0.7697E-31 0.2916E-02
         38         38 0.1024E+02 0.5221E-08 0.3029E-02 0.1786E-06 0.2043E-07 0.1442E-08 0.7660E-31 0.3028E-02
         39         39 0.1047E+02 0.5237E-08 0.3029E-02 0.1613E-06 0.2050E-07 0.1438E-08 0.7864E-31 0.3148E-02
         40         40 0.1070E+02 0.5252E-08 0.3029E-02 0.1460E-06 0.2056E-07 0.1433E-08 0.7924E-31 0.3277E-02
         41         41 0.1097E+02 0.5265E-08 0.3029E-02 0.1324E-06 0.2062E-07 0.1430E-08 0.7829E-31 0.3413E-02
         42         42 0.1121E+02 0.5276E-08 0.3029E-02 0.1204E-06 0.2067E-07 0.1426E-08 0.7755E-31 0.3556E-02
         43         43 0.1147E+02 0.5286E-08 0.3030E-02 0.1097E-06 0.2071E-07 0.1422E-08 0.7662E-31 0.3707E-02
         44         44 0.1173E+02 0.5295E-08 0.3030E-02 0.1002E-06 0.2075E-07 0.1419E-08 0.7786E-31 0.3864E-02
         45         45 0.1196E+02 0.5303E-08 0.3030E-02 0.9163E-07 0.2078E-07 0.1417E-08 0.7774E-31 0.4026E-02
         46         46 0.1219E+02 0.5310E-08 0.3030E-02 0.8401E-07 0.2081E-07 0.1415E-08 0.7620E-31 0.4192E-02
         47         47 0.1255E+02 0.5316E-08 0.3030E-02 0.7720E-07 0.2084E-07 0.1414E-08 0.7703E-31 0.4361E-02
         48         48 0.1279E+02 0.5322E-08 0.3030E-02 0.7107E-07 0.2086E-07 0.1413E-08 0.7712E-31 0.4531E-02
         49         49 0.1302E+02 0.5327E-08 0.3030E-02 0.6559E-07 0.2088E-07 0.1412E-08 0.7755E-31 0.4704E-02
         50         50 0.1325E+02 0.5332E-08 0.3030E-02 0.6068E-07 0.2090E-07 0.1411E-08 0.7623E-31 0.4876E-02
         51         51 0.1349E+02 0.5337E-08 0.3030E-02 0.5631E-07 0.2092E-07 0.1411E-08 0.7600E-31 0.5046E-02
         52         52 0.1374E+02 0.5341E-08 0.3030E-02 0.5245E-07 0.2094E-07 0.1411E-08 0.7721E-31 0.5216E-02
         53         53 0.1400E+02 0.5345E-08 0.3030E-02 0.4903E-07 0.2096E-07 0.1411E-08 0.7693E-31 0.5381E-02
         54         54 0.1423E+02 0.5349E-08 0.3030E-02 0.4598E-07 0.2097E-07 0.1410E-08 0.7578E-31 0.5543E-02
         55         55 0.1447E+02 0.5353E-08 0.3030E-02 0.4323E-07 0.2099E-07 0.1410E-08 0.7593E-31 0.5701E-02
         56         56 0.1469E+02 0.5356E-08 0.3030E-02 0.4077E-07 0.2100E-07 0.1410E-08 0.7626E-31 0.5853E-02
         57         57 0.1496E+02 0.5359E-08 0.3030E-02 0.3850E-07 0.2102E-07 0.1410E-08 0.7599E-31 0.5999E-02
         58         58 0.1520E+02 0.5362E-08 0.3030E-02 0.3637E-07 0.2103E-07 0.1409E-08 0.7586E-31 0.6140E-02
         59         59 0.1543E+02 0.5365E-08 0.3030E-02 0.3439E-07 0.2104E-07 0.1409E-08 0.7568E-31 0.6274E-02
         60         60 0.1566E+02 0.5368E-08 0.3030E-02 0.3256E-07 0.2105E-07 0.1409E-08 0.7633E-31 0.6401E-02
         61         61 0.1589E+02 0.5370E-08 0.3030E-02 0.3084E-07 0.2106E-07 0.1409E-08 0.7628E-31 0.6521E-02
         62         62 0.1619E+02 0.5372E-08 0.3030E-02 0.2922E-07 0.2107E-07 0.1408E-08 0.7527E-31 0.6635E-02
         63         63 0.1642E+02 0.5374E-08 0.3030E-02 0.2770E-07 0.2108E-07 0.1408E-08 0.7576E-31 0.6741E-02
         64         64 0.1665E+02 0.5376E-08 0.3030E-02 0.2628E-07 0.2109E-07 0.1408E-08 0.7694E-31 0.6840E-02
         65         65 0.1688E+02 0.5378E-08 0.3030E-02 0.2494E-07 0.2109E-07 0.1408E-08 0.7695E-31 0.6933E-02
         66         66 0.1713E+02 0.5380E-08 0.3031E-02 0.2366E-07 0.2110E-07 0.1408E-08 0.7620E-31 0.7019E-02
         67         67 0.1736E+02 0.5381E-08 0.3031E-02 0.2247E-07 0.2111E-07 0.1407E-08 0.7584E-31 0.7098E-02
         68         68 0.1759E+02 0.5382E-08 0.3031E-02 0.2134E-07 0.2111E-07 0.1407E-08 0.7579E-31 0.7171E-02
         69         69 0.1782E+02 0.5384E-08 0.3031E-02 0.2026E-07 0.2112E-07 0.1407E-08 0.7624E-31 0.7238E-02
         70         70 0.1805E+02 0.5385E-08 0.3031E-02 0.1924E-07 0.2112E-07 0.1407E-08 0.7603E-31 0.7299E-02
         71         71 0.1830E+02 0.5386E-08 0.3031E-02 0.1826E-07 0.2112E-07 0.1407E-08 0.7576E-31 0.7355E-02
         72         72 0.1853E+02 0.5386E-08 0.3031E-02 0.1733E-07 0.2113E-07 0.1407E-08 0.7603E-31 0.7406E-02
         73         73 0.1877E+02 0.5387E-08 0.3031E-02 0.1644E-07 0.2113E-07 0.1407E-08 0.7633E-31 0.7452E-02
         74         74 0.1900E+02 0.5388E-08 0.3031E-02 0.1558E-07 0.2113E-07 0.1407E-08 0.7529E-31 0.7494E-02
         75         75 0.1925E+02 0.5389E-08 0.3031E-02 0.1476E-07 0.2114E-07 0.1407E-08 0.7631E-31 0.7532E-02
         76         76 0.1950E+02 0.5389E-08 0.3031E-02 0.1395E-07 0.2114E-07 0.1407E-08 0.7635E-31 0.7566E-02
         77         77 0.1973E+02 0.5390E-08 0.3031E-02 0.1319E-07 0.2114E-07 0.1407E-08 0.7671E-31 0.7597E-02
         78         78 0.1996E+02 0.5390E-08 0.3031E-02 0.1246E-07 0.2114E-07 0.1407E-08 0.7572E-31 0.7625E-02
         79         79 0.2029E+02 0.5391E-08 0.3031E-02 0.1175E-07 0.2115E-07 0.1406E-08 0.7621E-31 0.7651E-02
         80         80 0.2052E+02 0.5391E-08 0.3031E-02 0.1108E-07 0.2115E-07 0.1406E-08 0.7580E-31 0.7674E-02
         81         81 0.2076E+02 0.5392E-08 0.3031E-02 0.1043E-07 0.2115E-07 0.1406E-08 0.7664E-31 0.7695E-02
         82         82 0.2101E+02 0.5392E-08 0.3031E-02 0.9810E-08 0.2115E-07 0.1406E-08 0.7590E-31 0.7714E-02
         83         83 0.2124E+02 0.5392E-08 0.3031E-02 0.9217E-08 0.2115E-07 0.1406E-08 0.7619E-31 0.7732E-02
         84         84 0.2147E+02 0.5393E-08 0.3031E-02 0.8649E-08 0.2115E-07 0.1406E-08 0.7595E-31 0.7748E-02
         85         85 0.2170E+02 0.5393E-08 0.3031E-02 0.8109E-08 0.2115E-07 0.1406E-08 0.7637E-31 0.7763E-02
         86         86 0.2193E+02 0.5393E-08 0.3031E-02 0.7601E-08 0.2116E-07 0.1406E-08 0.7538E-31 0.7777E-02
         87         87 0.2216E+02 0.5393E-08 0.3031E-02 0.7140E-08 0.2116E-07 0.1406E-08 0.7586E-31 0.7790E-02
         88         88 0.2246E+02 0.5394E-08 0.3031E-02 0.6713E-08 0.2116E-07 0.1406E-08 0.7621E-31 0.7802E-02
         89         89 0.2268E+02 0.5394E-08 0.3031E-02 0.6308E-08 0.2116E-07 0.1406E-08 0.7683E-31 0.7814E-02
         90         90 0.2291E+02 0.5394E-08 0.3031E-02 0.5921E-08 0.2116E-07 0.1406E-08 0.7565E-31 0.7825E-02
         91         91 0.2316E+02 0.5394E-08 0.3031E-02 0.5551E-08 0.2116E-07 0.1406E-08 0.7619E-31 0.7835E-02
         92         92 0.2339E+02 0.5394E-08 0.3031E-02 0.5185E-08 0.2116E-07 0.1406E-08 0.7599E-31 0.7846E-02
         93         93 0.2362E+02 0.5395E-08 0.3031E-02 0.4818E-08 0.2116E-07 0.1406E-08 0.7635E-31 0.7856E-02
         94         94 0.2386E+02 0.5395E-08 0.3031E-02 0.4456E-08 0.2116E-07 0.1406E-08 0.7601E-31 0.7865E-02
         95         95 0.2408E+02 0.5395E-08 0.3031E-02 0.4119E-08 0.2116E-07 0.1407E-08 0.7599E-31 0.7875E-02
         96         96 0.2436E+02 0.5395E-08 0.3031E-02 0.3802E-08 0.2116E-07 0.1407E-08 0.7597E-31 0.7884E-02
         97         97 0.2463E+02 0.5395E-08 0.3031E-02 0.3508E-08 0.2116E-07 0.1407E-08 0.7620E-31 0.7893E-02
         98         98 0.2486E+02 0.5395E-08 0.3031E-02 0.3229E-08 0.2117E-07 0.1407E-08 0.7509E-31 0.7902E-02
         99         99 0.2509E+02 0.5396E-08 0.3031E-02 0.2967E-08 0.2117E-07 0.1407E-08 0.7597E-31 0.7911E-02
        100        100 0.2532E+02 0.5396E-08 0.3031E-02 0.2721E-08 0.2117E-07 0.1407E-08 0.7620E-31 0.7919E-02
        101        101 0.2556E+02 0.5396E-08 0.3031E-02 0.2485E-08 0.2117E-07 0.1407E-08 0.7672E-31 0.7927E-02
        102        102 0.2579E+02 0.5396E-08 0.3031E-02 0.2266E-08 0.2117E-07 0.1407E-08 0.7557E-31 0.7936E-02
        103        103 0.2603E+02 0.5396E-08 0.3031E-02 0.2064E-08 0.2117E-07 0.1407E-08 0.7637E-31 0.7944E-02
        104        104 0.2627E+02 0.5396E-08 0.3031E-02 0.1879E-08 0.2117E-07 0.1407E-08 0.7572E-31 0.7951E-02
        105        105 0.2651E+02 0.5397E-08 0.3031E-02 0.1712E-08 0.2117E-07 0.1407E-08 0.7652E-31 0.7959E-02
        106        106 0.2676E+02 0.5397E-08 0.3031E-02 0.1558E-08 0.2117E-07 0.1407E-08 0.7589E-31 0.7967E-02
        107        107 0.2699E+02 0.5397E-08 0.3031E-02 0.1418E-08 0.2117E-07 0.1407E-08 0.7636E-31 0.7974E-02
        108        108 0.2722E+02 0.5397E-08 0.3031E-02 0.1290E-08 0.2117E-07 0.1407E-08 0.7613E-31 0.7981E-02
        109        109 0.2745E+02 0.5397E-08 0.3031E-02 0.1171E-08 0.2117E-07 0.1407E-08 0.7654E-31 0.7988E-02
        110        110 0.2768E+02 0.5398E-08 0.3031E-02 0.1065E-08 0.2117E-07 0.1407E-08 0.7502E-31 0.7995E-02
        111        111 0.2792E+02 0.5398E-08 0.3031E-02 0.9653E-09 0.2117E-07 0.1407E-08 0.7588E-31 0.8002E-02
        112        112 0.2816E+02 0.5398E-08 0.3031E-02 0.8765E-09 0.2117E-07 0.1407E-08 0.7625E-31 0.8009E-02
        113        113 0.2839E+02 0.5398E-08 0.3031E-02 0.7948E-09 0.2118E-07 0.1407E-08 0.7694E-31 0.8015E-02
        114        114 0.2865E+02 0.5398E-08 0.3031E-02 0.7191E-09 0.2118E-07 0.1407E-08 0.7560E-31 0.8021E-02
        115        115 0.2889E+02 0.5398E-08 0.3031E-02 0.6504E-09 0.2118E-07 0.1408E-08 0.7635E-31 0.8027E-02
        116        116 0.2915E+02 0.5399E-08 0.3031E-02 0.5868E-09 0.2118E-07 0.1408E-08 0.7582E-31 0.8033E-02
        117        117 0.2937E+02 0.5399E-08 0.3031E-02 0.5309E-09 0.2118E-07 0.1408E-08 0.7662E-31 0.8039E-02
        118        118 0.2961E+02 0.5399E-08 0.3031E-02 0.4789E-09 0.2118E-07 0.1408E-08 0.7606E-31 0.8044E-02
        119        119 0.2984E+02 0.5399E-08 0.3031E-02 0.4322E-09 0.2118E-07 0.1408E-08 0.7602E-31 0.8050E-02
        120        120 0.3007E+02 0.5399E-08 0.3031E-02 0.3897E-09 0.2118E-07 0.1408E-08 0.7598E-31 0.8055E-02
