#  1  time step                
#  0  Newton iteration         
#  1  CPU time                 
#  1  overall residual drop    
#  1  total beta drop          
#  1  change in total beta drop
#  1  alpha residual drop      
#  1  momentum residual drop   
#  1  drop diameter residual   
#  1  droplet mass deficit %   
          1          1 0.4571E+00 0.4180E-07 0.3387E-02 0.6542E-06 0.1312E-06 0.3454E-07 0.3423E-30 0.1949E-01
          2          2 0.8192E+00 0.1047E-07 0.3378E-02 0.2169E-05 0.3624E-07 0.7003E-08 0.1103E-30 0.2094E-01
          3          3 0.1191E+01 0.6532E-08 0.3366E-02 0.4213E-05 0.2445E-07 0.3069E-08 0.9871E-31 0.2092E-01
          4          4 0.1641E+01 0.5167E-08 0.3352E-02 0.6505E-05 0.1986E-07 0.1907E-08 0.9411E-31 0.2049E-01
          5          5 0.2013E+01 0.4432E-08 0.3338E-02 0.8837E-05 0.1712E-07 0.1530E-08 0.8961E-31 0.1991E-01
          6          6 0.2524E+01 0.4095E-08 0.3325E-02 0.1106E-04 0.1582E-07 0.1418E-08 0.8807E-31 0.1928E-01
          7          7 0.2903E+01 0.3914E-08 0.3313E-02 0.1244E-04 0.1511E-07 0.1362E-08 0.8785E-31 0.1863E-01
          8          8 0.3264E+01 0.3805E-08 0.3302E-02 0.1269E-04 0.1469E-07 0.1325E-08 0.8735E-31 0.1799E-01
          9          9 0.3633E+01 0.3739E-08 0.3293E-02 0.1212E-04 0.1444E-07 0.1299E-08 0.8754E-31 0.1735E-01
         10         10 0.4008E+01 0.3697E-08 0.3286E-02 0.1100E-04 0.1428E-07 0.1280E-08 0.8454E-31 0.1670E-01
         11         11 0.4365E+01 0.3670E-08 0.3281E-02 0.9552E-05 0.1418E-07 0.1269E-08 0.8465E-31 0.1605E-01
         12         12 0.4742E+01 0.3651E-08 0.3277E-02 0.7969E-05 0.1410E-07 0.1262E-08 0.8071E-31 0.1541E-01
         13         13 0.5242E+01 0.3635E-08 0.3274E-02 0.6387E-05 0.1404E-07 0.1260E-08 0.8360E-31 0.1477E-01
         14         14 0.5612E+01 0.3623E-08 0.3273E-02 0.4911E-05 0.1399E-07 0.1259E-08 0.8137E-31 0.1414E-01
         15         15 0.5975E+01 0.3612E-08 0.3271E-02 0.3615E-05 0.1394E-07 0.1261E-08 0.8306E-31 0.1353E-01
         16         16 0.6366E+01 0.3603E-08 0.3271E-02 0.2534E-05 0.1390E-07 0.1264E-08 0.8323E-31 0.1297E-01
         17         17 0.6765E+01 0.3597E-08 0.3271E-02 0.1671E-05 0.1388E-07 0.1267E-08 0.8251E-31 0.1244E-01
         18         18 0.7133E+01 0.3593E-08 0.3271E-02 0.1007E-05 0.1386E-07 0.1270E-08 0.8054E-31 0.1197E-01
         19         19 0.7490E+01 0.3592E-08 0.3271E-02 0.5053E-06 0.1385E-07 0.1273E-08 0.8088E-31 0.1156E-01
         20         20 0.7860E+01 0.3594E-08 0.3272E-02 0.1377E-06 0.1386E-07 0.1276E-08 0.8182E-31 0.1120E-01
         21         21 0.8224E+01 0.3600E-08 0.3272E-02 0.1291E-06 0.1388E-07 0.1278E-08 0.8039E-31 0.1089E-01
         22         22 0.8594E+01 0.3608E-08 0.3273E-02 0.3199E-06 0.1391E-07 0.1279E-08 0.8155E-31 0.1062E-01
         23         23 0.8995E+01 0.3618E-08 0.3274E-02 0.4521E-06 0.1395E-07 0.1279E-08 0.8273E-31 0.1040E-01
         24         24 0.9354E+01 0.3629E-08 0.3274E-02 0.5406E-06 0.1400E-07 0.1279E-08 0.8145E-31 0.1020E-01
         25         25 0.9739E+01 0.3642E-08 0.3275E-02 0.5942E-06 0.1406E-07 0.1278E-08 0.8241E-31 0.1004E-01
         26         26 0.1011E+02 0.3656E-08 0.3275E-02 0.6222E-06 0.1411E-07 0.1278E-08 0.8070E-31 0.9892E-02
         27         27 0.1047E+02 0.3671E-08 0.3276E-02 0.6302E-06 0.1418E-07 0.1277E-08 0.8088E-31 0.9763E-02
         28         28 0.1083E+02 0.3687E-08 0.3277E-02 0.6233E-06 0.1424E-07 0.1278E-08 0.8011E-31 0.9645E-02
         29         29 0.1125E+02 0.3703E-08 0.3277E-02 0.6060E-06 0.1431E-07 0.1279E-08 0.8032E-31 0.9535E-02
         30         30 0.1163E+02 0.3719E-08 0.3278E-02 0.5812E-06 0.1437E-07 0.1281E-08 0.7934E-31 0.9432E-02
         31         31 0.1200E+02 0.3736E-08 0.3278E-02 0.5517E-06 0.1444E-07 0.1284E-08 0.8078E-31 0.9335E-02
         32         32 0.1236E+02 0.3751E-08 0.3279E-02 0.5197E-06 0.1450E-07 0.1287E-08 0.7952E-31 0.9243E-02
         33         33 0.1274E+02 0.3766E-08 0.3279E-02 0.4867E-06 0.1456E-07 0.1290E-08 0.7962E-31 0.9155E-02
         34         34 0.1310E+02 0.3780E-08 0.3279E-02 0.4537E-06 0.1461E-07 0.1293E-08 0.7774E-31 0.9073E-02
         35         35 0.1351E+02 0.3792E-08 0.3280E-02 0.4219E-06 0.1466E-07 0.1295E-08 0.7881E-31 0.8996E-02
         36         36 0.1387E+02 0.3803E-08 0.3280E-02 0.3917E-06 0.1471E-07 0.1297E-08 0.7962E-31 0.8925E-02
         37         37 0.1423E+02 0.3813E-08 0.3280E-02 0.3636E-06 0.1475E-07 0.1298E-08 0.8131E-31 0.8860E-02
         38         38 0.1461E+02 0.3821E-08 0.3281E-02 0.3376E-06 0.1478E-07 0.1298E-08 0.7868E-31 0.8803E-02
         39         39 0.1497E+02 0.3828E-08 0.3281E-02 0.3139E-06 0.1481E-07 0.1297E-08 0.7930E-31 0.8752E-02
         40         40 0.1539E+02 0.3834E-08 0.3281E-02 0.2923E-06 0.1484E-07 0.1295E-08 0.7801E-31 0.8708E-02
         41         41 0.1576E+02 0.3838E-08 0.3281E-02 0.2725E-06 0.1486E-07 0.1292E-08 0.7898E-31 0.8672E-02
         42         42 0.1613E+02 0.3842E-08 0.3282E-02 0.2547E-06 0.1487E-07 0.1290E-08 0.7721E-31 0.8643E-02
         43         43 0.1648E+02 0.3845E-08 0.3282E-02 0.2386E-06 0.1489E-07 0.1287E-08 0.7816E-31 0.8621E-02
         44         44 0.1690E+02 0.3847E-08 0.3282E-02 0.2241E-06 0.1490E-07 0.1285E-08 0.7708E-31 0.8606E-02
         45         45 0.1726E+02 0.3849E-08 0.3282E-02 0.2110E-06 0.1491E-07 0.1283E-08 0.7758E-31 0.8597E-02
         46         46 0.1763E+02 0.3851E-08 0.3282E-02 0.1991E-06 0.1492E-07 0.1280E-08 0.7646E-31 0.8594E-02
         47         47 0.1802E+02 0.3851E-08 0.3282E-02 0.1884E-06 0.1492E-07 0.1278E-08 0.7836E-31 0.8596E-02
         48         48 0.1837E+02 0.3852E-08 0.3283E-02 0.1787E-06 0.1492E-07 0.1275E-08 0.7590E-31 0.8603E-02
         49         49 0.1873E+02 0.3852E-08 0.3283E-02 0.1698E-06 0.1493E-07 0.1273E-08 0.7737E-31 0.8614E-02
         50         50 0.1910E+02 0.3851E-08 0.3283E-02 0.1618E-06 0.1493E-07 0.1272E-08 0.7733E-31 0.8629E-02
         51         51 0.1946E+02 0.3851E-08 0.3283E-02 0.1545E-06 0.1493E-07 0.1270E-08 0.7783E-31 0.8646E-02
         52         52 0.1986E+02 0.3851E-08 0.3283E-02 0.1478E-06 0.1493E-07 0.1269E-08 0.7755E-31 0.8666E-02
         53         53 0.2022E+02 0.3852E-08 0.3283E-02 0.1416E-06 0.1493E-07 0.1268E-08 0.7662E-31 0.8686E-02
         54         54 0.2059E+02 0.3853E-08 0.3283E-02 0.1360E-06 0.1493E-07 0.1268E-08 0.7725E-31 0.8707E-02
         55         55 0.2096E+02 0.3854E-08 0.3284E-02 0.1307E-06 0.1494E-07 0.1268E-08 0.7796E-31 0.8727E-02
         56         56 0.2132E+02 0.3857E-08 0.3284E-02 0.1259E-06 0.1495E-07 0.1268E-08 0.7630E-31 0.8746E-02
         57         57 0.2172E+02 0.3861E-08 0.3284E-02 0.1213E-06 0.1497E-07 0.1268E-08 0.7616E-31 0.8763E-02
         58         58 0.2210E+02 0.3866E-08 0.3284E-02 0.1171E-06 0.1499E-07 0.1270E-08 0.7703E-31 0.8777E-02
         59         59 0.2247E+02 0.3871E-08 0.3284E-02 0.1131E-06 0.1501E-07 0.1271E-08 0.7705E-31 0.8788E-02
         60         60 0.2286E+02 0.3878E-08 0.3284E-02 0.1094E-06 0.1504E-07 0.1274E-08 0.7673E-31 0.8794E-02
         61         61 0.2322E+02 0.3886E-08 0.3284E-02 0.1058E-06 0.1507E-07 0.1276E-08 0.7714E-31 0.8797E-02
         62         62 0.2359E+02 0.3895E-08 0.3284E-02 0.1025E-06 0.1510E-07 0.1279E-08 0.7671E-31 0.8794E-02
         63         63 0.2403E+02 0.3904E-08 0.3284E-02 0.9929E-07 0.1514E-07 0.1282E-08 0.7884E-31 0.8787E-02
         64         64 0.2440E+02 0.3913E-08 0.3284E-02 0.9624E-07 0.1517E-07 0.1285E-08 0.7625E-31 0.8774E-02
         65         65 0.2477E+02 0.3922E-08 0.3285E-02 0.9333E-07 0.1521E-07 0.1287E-08 0.7659E-31 0.8757E-02
         66         66 0.2516E+02 0.3930E-08 0.3285E-02 0.9052E-07 0.1524E-07 0.1289E-08 0.7567E-31 0.8734E-02
         67         67 0.2554E+02 0.3938E-08 0.3285E-02 0.8780E-07 0.1527E-07 0.1291E-08 0.7711E-31 0.8707E-02
         68         68 0.2592E+02 0.3946E-08 0.3285E-02 0.8515E-07 0.1530E-07 0.1293E-08 0.7634E-31 0.8676E-02
         69         69 0.2634E+02 0.3954E-08 0.3285E-02 0.8257E-07 0.1533E-07 0.1295E-08 0.7597E-31 0.8642E-02
         70         70 0.2676E+02 0.3961E-08 0.3285E-02 0.8003E-07 0.1536E-07 0.1297E-08 0.7585E-31 0.8604E-02
         71         71 0.2713E+02 0.3968E-08 0.3285E-02 0.7754E-07 0.1539E-07 0.1299E-08 0.7732E-31 0.8565E-02
         72         72 0.2751E+02 0.3974E-08 0.3285E-02 0.7509E-07 0.1541E-07 0.1301E-08 0.7613E-31 0.8525E-02
         73         73 0.2788E+02 0.3980E-08 0.3285E-02 0.7268E-07 0.1543E-07 0.1302E-08 0.7672E-31 0.8485E-02
         74         74 0.2826E+02 0.3985E-08 0.3285E-02 0.7030E-07 0.1545E-07 0.1304E-08 0.7599E-31 0.8445E-02
         75         75 0.2864E+02 0.3990E-08 0.3285E-02 0.6796E-07 0.1547E-07 0.1305E-08 0.7768E-31 0.8407E-02
         76         76 0.2901E+02 0.3994E-08 0.3285E-02 0.6566E-07 0.1549E-07 0.1306E-08 0.7617E-31 0.8372E-02
         77         77 0.2938E+02 0.3998E-08 0.3285E-02 0.6340E-07 0.1550E-07 0.1306E-08 0.7647E-31 0.8340E-02
         78         78 0.2976E+02 0.4000E-08 0.3285E-02 0.6117E-07 0.1551E-07 0.1306E-08 0.7584E-31 0.8312E-02
         79         79 0.3021E+02 0.4002E-08 0.3285E-02 0.5898E-07 0.1552E-07 0.1307E-08 0.7740E-31 0.8288E-02
         80         80 0.3066E+02 0.4003E-08 0.3286E-02 0.5684E-07 0.1553E-07 0.1307E-08 0.7599E-31 0.8270E-02
         81         81 0.3140E+02 0.4004E-08 0.3286E-02 0.5473E-07 0.1553E-07 0.1306E-08 0.7567E-31 0.8257E-02
         82         82 0.3177E+02 0.4004E-08 0.3286E-02 0.5267E-07 0.1553E-07 0.1306E-08 0.7579E-31 0.8250E-02
         83         83 0.3215E+02 0.4004E-08 0.3286E-02 0.5065E-07 0.1553E-07 0.1306E-08 0.7695E-31 0.8249E-02
         84         84 0.3254E+02 0.4004E-08 0.3286E-02 0.4868E-07 0.1553E-07 0.1306E-08 0.7604E-31 0.8253E-02
         85         85 0.3295E+02 0.4004E-08 0.3286E-02 0.4676E-07 0.1553E-07 0.1306E-08 0.7689E-31 0.8264E-02
         86         86 0.3332E+02 0.4003E-08 0.3286E-02 0.4490E-07 0.1553E-07 0.1305E-08 0.7559E-31 0.8280E-02
         87         87 0.3369E+02 0.4003E-08 0.3286E-02 0.4309E-07 0.1552E-07 0.1305E-08 0.7725E-31 0.8301E-02
         88         88 0.3405E+02 0.4002E-08 0.3286E-02 0.4132E-07 0.1552E-07 0.1305E-08 0.7581E-31 0.8328E-02
         89         89 0.3444E+02 0.4001E-08 0.3286E-02 0.3961E-07 0.1552E-07 0.1304E-08 0.7626E-31 0.8358E-02
         90         90 0.3491E+02 0.4000E-08 0.3286E-02 0.3794E-07 0.1551E-07 0.1304E-08 0.7504E-31 0.8394E-02
         91         91 0.3527E+02 0.3999E-08 0.3286E-02 0.3632E-07 0.1551E-07 0.1304E-08 0.7716E-31 0.8432E-02
         92         92 0.3565E+02 0.3998E-08 0.3286E-02 0.3474E-07 0.1551E-07 0.1304E-08 0.7640E-31 0.8474E-02
         93         93 0.3603E+02 0.3997E-08 0.3286E-02 0.3321E-07 0.1550E-07 0.1303E-08 0.7676E-31 0.8518E-02
         94         94 0.3640E+02 0.3996E-08 0.3286E-02 0.3173E-07 0.1550E-07 0.1303E-08 0.7610E-31 0.8565E-02
         95         95 0.3681E+02 0.3995E-08 0.3286E-02 0.3031E-07 0.1549E-07 0.1303E-08 0.7758E-31 0.8612E-02
         96         96 0.3717E+02 0.3993E-08 0.3286E-02 0.2894E-07 0.1549E-07 0.1302E-08 0.7568E-31 0.8661E-02
         97         97 0.3755E+02 0.3992E-08 0.3286E-02 0.2762E-07 0.1548E-07 0.1302E-08 0.7654E-31 0.8710E-02
         98         98 0.3791E+02 0.3991E-08 0.3286E-02 0.2635E-07 0.1548E-07 0.1301E-08 0.7573E-31 0.8760E-02
         99         99 0.3826E+02 0.3990E-08 0.3286E-02 0.2514E-07 0.1548E-07 0.1301E-08 0.7730E-31 0.8809E-02
        100        100 0.3866E+02 0.3989E-08 0.3286E-02 0.2397E-07 0.1547E-07 0.1301E-08 0.7591E-31 0.8857E-02
        101        101 0.3907E+02 0.3988E-08 0.3286E-02 0.2285E-07 0.1547E-07 0.1300E-08 0.7650E-31 0.8904E-02
        102        102 0.3943E+02 0.3987E-08 0.3286E-02 0.2178E-07 0.1546E-07 0.1300E-08 0.7597E-31 0.8950E-02
        103        103 0.3980E+02 0.3986E-08 0.3286E-02 0.2075E-07 0.1546E-07 0.1300E-08 0.7782E-31 0.8994E-02
        104        104 0.4016E+02 0.3986E-08 0.3286E-02 0.1977E-07 0.1546E-07 0.1300E-08 0.7626E-31 0.9037E-02
        105        105 0.4058E+02 0.3985E-08 0.3286E-02 0.1882E-07 0.1546E-07 0.1299E-08 0.7670E-31 0.9078E-02
        106        106 0.4093E+02 0.3984E-08 0.3286E-02 0.1792E-07 0.1545E-07 0.1299E-08 0.7542E-31 0.9117E-02
        107        107 0.4135E+02 0.3984E-08 0.3286E-02 0.1705E-07 0.1545E-07 0.1299E-08 0.7702E-31 0.9154E-02
        108        108 0.4172E+02 0.3983E-08 0.3286E-02 0.1622E-07 0.1545E-07 0.1299E-08 0.7670E-31 0.9189E-02
        109        109 0.4219E+02 0.3983E-08 0.3286E-02 0.1542E-07 0.1545E-07 0.1299E-08 0.7680E-31 0.9221E-02
        110        110 0.4255E+02 0.3983E-08 0.3286E-02 0.1465E-07 0.1545E-07 0.1299E-08 0.7655E-31 0.9252E-02
        111        111 0.4292E+02 0.3982E-08 0.3286E-02 0.1392E-07 0.1545E-07 0.1299E-08 0.7742E-31 0.9281E-02
        112        112 0.4329E+02 0.3982E-08 0.3286E-02 0.1322E-07 0.1545E-07 0.1298E-08 0.7633E-31 0.9308E-02
        113        113 0.4368E+02 0.3982E-08 0.3286E-02 0.1255E-07 0.1544E-07 0.1298E-08 0.7635E-31 0.9332E-02
        114        114 0.4404E+02 0.3982E-08 0.3286E-02 0.1192E-07 0.1544E-07 0.1298E-08 0.7558E-31 0.9355E-02
        115        115 0.4440E+02 0.3982E-08 0.3286E-02 0.1131E-07 0.1544E-07 0.1298E-08 0.7750E-31 0.9377E-02
        116        116 0.4478E+02 0.3982E-08 0.3286E-02 0.1073E-07 0.1544E-07 0.1298E-08 0.7612E-31 0.9396E-02
        117        117 0.4517E+02 0.3982E-08 0.3286E-02 0.1017E-07 0.1544E-07 0.1298E-08 0.7663E-31 0.9414E-02
        118        118 0.4562E+02 0.3982E-08 0.3286E-02 0.9644E-08 0.1544E-07 0.1298E-08 0.7597E-31 0.9430E-02
        119        119 0.4598E+02 0.3982E-08 0.3286E-02 0.9139E-08 0.1545E-07 0.1298E-08 0.7745E-31 0.9445E-02
        120        120 0.4634E+02 0.3982E-08 0.3286E-02 0.8659E-08 0.1545E-07 0.1298E-08 0.7621E-31 0.9459E-02
