#  1  time step                
#  0  Newton iteration         
#  1  CPU time                 
#  1  overall residual drop    
#  1  total beta drop          
#  1  change in total beta drop
#  1  alpha residual drop      
#  1  momentum residual drop   
#  1  drop diameter residual   
#  1  droplet mass deficit %   
          1          1 0.3828E+00 0.4794E-07 0.3346E-02 0.5873E-06 0.1506E-06 0.3957E-07 0.3479E-30 0.1546E-01
          2          2 0.6903E+00 0.1006E-07 0.3337E-02 0.1996E-05 0.3486E-07 0.6711E-08 0.1121E-30 0.1706E-01
          3          3 0.1260E+01 0.5273E-08 0.3326E-02 0.3926E-05 0.1953E-07 0.2658E-08 0.9637E-31 0.1695E-01
          4          4 0.1621E+01 0.3866E-08 0.3312E-02 0.6151E-05 0.1449E-07 0.1801E-08 0.9137E-31 0.1626E-01
          5          5 0.2114E+01 0.3301E-08 0.3298E-02 0.8499E-05 0.1238E-07 0.1529E-08 0.8791E-31 0.1534E-01
          6          6 0.2420E+01 0.3059E-08 0.3284E-02 0.1084E-04 0.1149E-07 0.1403E-08 0.8722E-31 0.1435E-01
          7          7 0.2732E+01 0.2940E-08 0.3271E-02 0.1248E-04 0.1107E-07 0.1326E-08 0.8525E-31 0.1338E-01
          8          8 0.3059E+01 0.2863E-08 0.3259E-02 0.1309E-04 0.1081E-07 0.1264E-08 0.8417E-31 0.1248E-01
          9          9 0.3387E+01 0.2810E-08 0.3248E-02 0.1292E-04 0.1063E-07 0.1214E-08 0.8256E-31 0.1168E-01
         10         10 0.3700E+01 0.2769E-08 0.3239E-02 0.1215E-04 0.1050E-07 0.1173E-08 0.8038E-31 0.1101E-01
         11         11 0.4013E+01 0.2735E-08 0.3232E-02 0.1098E-04 0.1039E-07 0.1140E-08 0.8236E-31 0.1046E-01
         12         12 0.4324E+01 0.2708E-08 0.3227E-02 0.9544E-05 0.1030E-07 0.1117E-08 0.8112E-31 0.1004E-01
         13         13 0.4642E+01 0.2687E-08 0.3223E-02 0.8001E-05 0.1022E-07 0.1103E-08 0.8056E-31 0.9738E-02
         14         14 0.4954E+01 0.2670E-08 0.3220E-02 0.6479E-05 0.1016E-07 0.1097E-08 0.8053E-31 0.9536E-02
         15         15 0.5269E+01 0.2658E-08 0.3218E-02 0.5078E-05 0.1011E-07 0.1095E-08 0.7941E-31 0.9427E-02
         16         16 0.5651E+01 0.2649E-08 0.3216E-02 0.3860E-05 0.1007E-07 0.1097E-08 0.7739E-31 0.9398E-02
         17         17 0.5975E+01 0.2642E-08 0.3215E-02 0.2849E-05 0.1004E-07 0.1099E-08 0.7612E-31 0.9437E-02
         18         18 0.6293E+01 0.2636E-08 0.3215E-02 0.2038E-05 0.1001E-07 0.1102E-08 0.7651E-31 0.9532E-02
         19         19 0.6599E+01 0.2631E-08 0.3214E-02 0.1404E-05 0.9989E-08 0.1106E-08 0.7825E-31 0.9672E-02
         20         20 0.6915E+01 0.2626E-08 0.3214E-02 0.9183E-06 0.9965E-08 0.1109E-08 0.7617E-31 0.9843E-02
         21         21 0.7234E+01 0.2621E-08 0.3214E-02 0.5502E-06 0.9940E-08 0.1110E-08 0.7577E-31 0.1004E-01
         22         22 0.7545E+01 0.2614E-08 0.3214E-02 0.2750E-06 0.9915E-08 0.1107E-08 0.7279E-31 0.1024E-01
         23         23 0.7934E+01 0.2607E-08 0.3215E-02 0.7270E-07 0.9887E-08 0.1104E-08 0.7471E-31 0.1044E-01
         24         24 0.8277E+01 0.2599E-08 0.3215E-02 0.7276E-07 0.9857E-08 0.1100E-08 0.7288E-31 0.1064E-01
         25         25 0.8588E+01 0.2590E-08 0.3215E-02 0.1745E-06 0.9824E-08 0.1096E-08 0.7346E-31 0.1083E-01
         26         26 0.8907E+01 0.2581E-08 0.3216E-02 0.2425E-06 0.9789E-08 0.1092E-08 0.7291E-31 0.1100E-01
         27         27 0.9233E+01 0.2571E-08 0.3216E-02 0.2845E-06 0.9752E-08 0.1088E-08 0.7274E-31 0.1115E-01
         28         28 0.9543E+01 0.2561E-08 0.3216E-02 0.3073E-06 0.9714E-08 0.1084E-08 0.7182E-31 0.1128E-01
         29         29 0.9918E+01 0.2551E-08 0.3217E-02 0.3165E-06 0.9677E-08 0.1080E-08 0.7142E-31 0.1139E-01
         30         30 0.1024E+02 0.2541E-08 0.3217E-02 0.3167E-06 0.9639E-08 0.1077E-08 0.7178E-31 0.1147E-01
         31         31 0.1055E+02 0.2532E-08 0.3217E-02 0.3105E-06 0.9603E-08 0.1074E-08 0.7312E-31 0.1154E-01
         32         32 0.1086E+02 0.2524E-08 0.3217E-02 0.3002E-06 0.9570E-08 0.1072E-08 0.7126E-31 0.1158E-01
         33         33 0.1118E+02 0.2516E-08 0.3218E-02 0.2876E-06 0.9540E-08 0.1070E-08 0.7258E-31 0.1160E-01
         34         34 0.1149E+02 0.2510E-08 0.3218E-02 0.2734E-06 0.9514E-08 0.1069E-08 0.7148E-31 0.1161E-01
         35         35 0.1181E+02 0.2504E-08 0.3218E-02 0.2583E-06 0.9492E-08 0.1068E-08 0.7290E-31 0.1160E-01
         36         36 0.1214E+02 0.2500E-08 0.3218E-02 0.2425E-06 0.9473E-08 0.1067E-08 0.7128E-31 0.1158E-01
         37         37 0.1245E+02 0.2496E-08 0.3219E-02 0.2266E-06 0.9459E-08 0.1067E-08 0.7239E-31 0.1155E-01
         38         38 0.1276E+02 0.2494E-08 0.3219E-02 0.2110E-06 0.9448E-08 0.1067E-08 0.7018E-31 0.1151E-01
         39         39 0.1311E+02 0.2492E-08 0.3219E-02 0.1956E-06 0.9441E-08 0.1068E-08 0.7249E-31 0.1146E-01
         40         40 0.1342E+02 0.2492E-08 0.3219E-02 0.1806E-06 0.9436E-08 0.1069E-08 0.7120E-31 0.1140E-01
         41         41 0.1373E+02 0.2492E-08 0.3219E-02 0.1661E-06 0.9435E-08 0.1072E-08 0.7227E-31 0.1134E-01
         42         42 0.1407E+02 0.2493E-08 0.3219E-02 0.1522E-06 0.9436E-08 0.1074E-08 0.7119E-31 0.1128E-01
         43         43 0.1439E+02 0.2494E-08 0.3219E-02 0.1390E-06 0.9438E-08 0.1077E-08 0.7163E-31 0.1121E-01
         44         44 0.1471E+02 0.2496E-08 0.3219E-02 0.1265E-06 0.9442E-08 0.1080E-08 0.7013E-31 0.1114E-01
         45         45 0.1503E+02 0.2497E-08 0.3220E-02 0.1149E-06 0.9447E-08 0.1083E-08 0.7121E-31 0.1107E-01
         46         46 0.1534E+02 0.2500E-08 0.3220E-02 0.1040E-06 0.9453E-08 0.1086E-08 0.6964E-31 0.1101E-01
         47         47 0.1565E+02 0.2502E-08 0.3220E-02 0.9406E-07 0.9458E-08 0.1089E-08 0.7197E-31 0.1094E-01
         48         48 0.1597E+02 0.2504E-08 0.3220E-02 0.8495E-07 0.9464E-08 0.1092E-08 0.6968E-31 0.1088E-01
         49         49 0.1635E+02 0.2506E-08 0.3220E-02 0.7668E-07 0.9470E-08 0.1095E-08 0.7114E-31 0.1082E-01
         50         50 0.1667E+02 0.2508E-08 0.3220E-02 0.6924E-07 0.9476E-08 0.1098E-08 0.6935E-31 0.1077E-01
         51         51 0.1698E+02 0.2510E-08 0.3220E-02 0.6254E-07 0.9481E-08 0.1101E-08 0.7109E-31 0.1072E-01
         52         52 0.1730E+02 0.2512E-08 0.3220E-02 0.5660E-07 0.9485E-08 0.1103E-08 0.6923E-31 0.1068E-01
         53         53 0.1761E+02 0.2513E-08 0.3220E-02 0.5137E-07 0.9490E-08 0.1106E-08 0.7033E-31 0.1064E-01
         54         54 0.1794E+02 0.2514E-08 0.3220E-02 0.4679E-07 0.9493E-08 0.1108E-08 0.6925E-31 0.1061E-01
         55         55 0.1827E+02 0.2516E-08 0.3220E-02 0.4280E-07 0.9496E-08 0.1109E-08 0.7105E-31 0.1058E-01
         56         56 0.1865E+02 0.2517E-08 0.3220E-02 0.3932E-07 0.9499E-08 0.1111E-08 0.6974E-31 0.1056E-01
         57         57 0.1897E+02 0.2517E-08 0.3220E-02 0.3629E-07 0.9501E-08 0.1112E-08 0.7068E-31 0.1055E-01
         58         58 0.1929E+02 0.2518E-08 0.3220E-02 0.3365E-07 0.9502E-08 0.1113E-08 0.7027E-31 0.1054E-01
         59         59 0.1960E+02 0.2519E-08 0.3220E-02 0.3133E-07 0.9503E-08 0.1114E-08 0.7119E-31 0.1053E-01
         60         60 0.1993E+02 0.2519E-08 0.3220E-02 0.2929E-07 0.9504E-08 0.1115E-08 0.6963E-31 0.1053E-01
         61         61 0.2026E+02 0.2519E-08 0.3220E-02 0.2749E-07 0.9505E-08 0.1116E-08 0.7092E-31 0.1054E-01
         62         62 0.2060E+02 0.2519E-08 0.3220E-02 0.2591E-07 0.9505E-08 0.1116E-08 0.6913E-31 0.1055E-01
         63         63 0.2094E+02 0.2520E-08 0.3220E-02 0.2450E-07 0.9505E-08 0.1117E-08 0.7051E-31 0.1056E-01
         64         64 0.2126E+02 0.2520E-08 0.3220E-02 0.2325E-07 0.9505E-08 0.1117E-08 0.6933E-31 0.1057E-01
         65         65 0.2157E+02 0.2520E-08 0.3220E-02 0.2214E-07 0.9505E-08 0.1117E-08 0.7066E-31 0.1059E-01
         66         66 0.2188E+02 0.2520E-08 0.3220E-02 0.2114E-07 0.9505E-08 0.1118E-08 0.6947E-31 0.1061E-01
         67         67 0.2220E+02 0.2520E-08 0.3220E-02 0.2023E-07 0.9505E-08 0.1118E-08 0.7121E-31 0.1063E-01
         68         68 0.2251E+02 0.2520E-08 0.3220E-02 0.1940E-07 0.9504E-08 0.1118E-08 0.6943E-31 0.1065E-01
         69         69 0.2286E+02 0.2520E-08 0.3220E-02 0.1864E-07 0.9504E-08 0.1118E-08 0.7096E-31 0.1067E-01
         70         70 0.2319E+02 0.2520E-08 0.3220E-02 0.1793E-07 0.9504E-08 0.1118E-08 0.6902E-31 0.1070E-01
         71         71 0.2351E+02 0.2519E-08 0.3220E-02 0.1727E-07 0.9503E-08 0.1118E-08 0.7057E-31 0.1072E-01
         72         72 0.2382E+02 0.2519E-08 0.3220E-02 0.1664E-07 0.9503E-08 0.1118E-08 0.6950E-31 0.1074E-01
         73         73 0.2414E+02 0.2519E-08 0.3220E-02 0.1605E-07 0.9503E-08 0.1118E-08 0.7068E-31 0.1077E-01
         74         74 0.2446E+02 0.2519E-08 0.3221E-02 0.1549E-07 0.9502E-08 0.1118E-08 0.6925E-31 0.1079E-01
         75         75 0.2478E+02 0.2519E-08 0.3221E-02 0.1494E-07 0.9502E-08 0.1118E-08 0.7057E-31 0.1081E-01
         76         76 0.2511E+02 0.2519E-08 0.3221E-02 0.1441E-07 0.9502E-08 0.1118E-08 0.6939E-31 0.1083E-01
         77         77 0.2548E+02 0.2519E-08 0.3221E-02 0.1390E-07 0.9501E-08 0.1118E-08 0.7068E-31 0.1085E-01
         78         78 0.2580E+02 0.2519E-08 0.3221E-02 0.1340E-07 0.9501E-08 0.1118E-08 0.6935E-31 0.1087E-01
         79         79 0.2612E+02 0.2519E-08 0.3221E-02 0.1292E-07 0.9501E-08 0.1118E-08 0.7067E-31 0.1088E-01
         80         80 0.2644E+02 0.2519E-08 0.3221E-02 0.1246E-07 0.9501E-08 0.1118E-08 0.6941E-31 0.1090E-01
         81         81 0.2675E+02 0.2519E-08 0.3221E-02 0.1201E-07 0.9501E-08 0.1118E-08 0.7069E-31 0.1091E-01
         82         82 0.2711E+02 0.2519E-08 0.3221E-02 0.1157E-07 0.9500E-08 0.1118E-08 0.6912E-31 0.1093E-01
         83         83 0.2754E+02 0.2519E-08 0.3221E-02 0.1115E-07 0.9500E-08 0.1118E-08 0.7049E-31 0.1094E-01
         84         84 0.2788E+02 0.2519E-08 0.3221E-02 0.1073E-07 0.9500E-08 0.1118E-08 0.6930E-31 0.1095E-01
         85         85 0.2820E+02 0.2519E-08 0.3221E-02 0.1032E-07 0.9500E-08 0.1118E-08 0.7086E-31 0.1096E-01
         86         86 0.2851E+02 0.2519E-08 0.3221E-02 0.9932E-08 0.9500E-08 0.1118E-08 0.6936E-31 0.1097E-01
         87         87 0.2883E+02 0.2518E-08 0.3221E-02 0.9545E-08 0.9500E-08 0.1118E-08 0.7049E-31 0.1098E-01
         88         88 0.2918E+02 0.2518E-08 0.3221E-02 0.9166E-08 0.9500E-08 0.1118E-08 0.6941E-31 0.1099E-01
         89         89 0.2949E+02 0.2518E-08 0.3221E-02 0.8800E-08 0.9499E-08 0.1118E-08 0.7050E-31 0.1100E-01
         90         90 0.2980E+02 0.2518E-08 0.3221E-02 0.8442E-08 0.9499E-08 0.1118E-08 0.6953E-31 0.1100E-01
         91         91 0.3013E+02 0.2518E-08 0.3221E-02 0.8094E-08 0.9499E-08 0.1117E-08 0.7071E-31 0.1101E-01
         92         92 0.3044E+02 0.2518E-08 0.3221E-02 0.7752E-08 0.9499E-08 0.1117E-08 0.6935E-31 0.1102E-01
         93         93 0.3075E+02 0.2518E-08 0.3221E-02 0.7420E-08 0.9499E-08 0.1117E-08 0.7079E-31 0.1102E-01
         94         94 0.3108E+02 0.2518E-08 0.3221E-02 0.7098E-08 0.9499E-08 0.1117E-08 0.6931E-31 0.1103E-01
         95         95 0.3140E+02 0.2518E-08 0.3221E-02 0.6785E-08 0.9499E-08 0.1117E-08 0.7052E-31 0.1103E-01
         96         96 0.3171E+02 0.2518E-08 0.3221E-02 0.6481E-08 0.9499E-08 0.1117E-08 0.6953E-31 0.1104E-01
         97         97 0.3203E+02 0.2518E-08 0.3221E-02 0.6186E-08 0.9499E-08 0.1117E-08 0.7060E-31 0.1104E-01
         98         98 0.3234E+02 0.2518E-08 0.3221E-02 0.5899E-08 0.9499E-08 0.1117E-08 0.6933E-31 0.1104E-01
         99         99 0.3266E+02 0.2518E-08 0.3221E-02 0.5620E-08 0.9499E-08 0.1117E-08 0.7064E-31 0.1105E-01
        100        100 0.3298E+02 0.2518E-08 0.3221E-02 0.5350E-08 0.9499E-08 0.1117E-08 0.6931E-31 0.1105E-01
        101        101 0.3333E+02 0.2518E-08 0.3221E-02 0.5088E-08 0.9498E-08 0.1117E-08 0.7044E-31 0.1105E-01
        102        102 0.3364E+02 0.2518E-08 0.3221E-02 0.4834E-08 0.9498E-08 0.1117E-08 0.6931E-31 0.1105E-01
        103        103 0.3403E+02 0.2518E-08 0.3221E-02 0.4589E-08 0.9498E-08 0.1117E-08 0.7075E-31 0.1106E-01
        104        104 0.3434E+02 0.2518E-08 0.3221E-02 0.4352E-08 0.9498E-08 0.1117E-08 0.6929E-31 0.1106E-01
        105        105 0.3465E+02 0.2518E-08 0.3221E-02 0.4122E-08 0.9498E-08 0.1117E-08 0.7052E-31 0.1106E-01
        106        106 0.3496E+02 0.2518E-08 0.3221E-02 0.3900E-08 0.9498E-08 0.1117E-08 0.6902E-31 0.1106E-01
        107        107 0.3533E+02 0.2518E-08 0.3221E-02 0.3684E-08 0.9498E-08 0.1117E-08 0.7048E-31 0.1106E-01
        108        108 0.3567E+02 0.2518E-08 0.3221E-02 0.3478E-08 0.9498E-08 0.1117E-08 0.6925E-31 0.1107E-01
        109        109 0.3599E+02 0.2518E-08 0.3221E-02 0.3278E-08 0.9498E-08 0.1117E-08 0.7079E-31 0.1107E-01
        110        110 0.3630E+02 0.2518E-08 0.3221E-02 0.3087E-08 0.9498E-08 0.1117E-08 0.6926E-31 0.1107E-01
        111        111 0.3661E+02 0.2518E-08 0.3221E-02 0.2903E-08 0.9498E-08 0.1117E-08 0.7050E-31 0.1107E-01
        112        112 0.3698E+02 0.2518E-08 0.3221E-02 0.2728E-08 0.9498E-08 0.1117E-08 0.6953E-31 0.1107E-01
        113        113 0.3729E+02 0.2518E-08 0.3221E-02 0.2559E-08 0.9497E-08 0.1117E-08 0.7049E-31 0.1107E-01
        114        114 0.3760E+02 0.2518E-08 0.3221E-02 0.2396E-08 0.9497E-08 0.1117E-08 0.6938E-31 0.1108E-01
        115        115 0.3791E+02 0.2518E-08 0.3221E-02 0.2241E-08 0.9497E-08 0.1117E-08 0.7073E-31 0.1108E-01
        116        116 0.3824E+02 0.2518E-08 0.3221E-02 0.2094E-08 0.9497E-08 0.1117E-08 0.6931E-31 0.1108E-01
        117        117 0.3861E+02 0.2518E-08 0.3221E-02 0.1952E-08 0.9497E-08 0.1117E-08 0.7087E-31 0.1108E-01
        118        118 0.3896E+02 0.2518E-08 0.3221E-02 0.1817E-08 0.9497E-08 0.1117E-08 0.6915E-31 0.1108E-01
        119        119 0.3928E+02 0.2518E-08 0.3221E-02 0.1688E-08 0.9497E-08 0.1117E-08 0.7035E-31 0.1108E-01
        120        120 0.3963E+02 0.2518E-08 0.3221E-02 0.1567E-08 0.9497E-08 0.1117E-08 0.6934E-31 0.1108E-01
