

   Iteration      Time   TimeStep    Diff.Hf    Diff.Tw   Diff.Mice  MiceTotal
           0  8.400000E+02  0.000E+00  0.000E+00  0.000E+00  0.000E+00  1.803E-02
           1  8.400015E+02  1.491E-03  2.861E-05  1.375E+00  4.556E-01  1.803E-02
           2  8.400029E+02  1.428E-03  2.466E-05  0.000E+00  4.652E-01  1.803E-02
           3  8.400043E+02  1.397E-03  2.149E-05  0.000E+00  0.000E+00  1.803E-02
           4  8.400056E+02  1.288E-03  1.886E-05  0.000E+00  0.000E+00  1.803E-02
           5  8.400069E+02  1.288E-03  1.938E-05  0.000E+00  0.000E+00  1.803E-02
           6  8.400082E+02  1.288E-03  1.418E-05  0.000E+00  0.000E+00  1.803E-02
           7  8.400095E+02  1.365E-03  1.240E-05  0.000E+00  0.000E+00  1.803E-02
           8  8.400110E+02  1.485E-03  1.117E-05  0.000E+00  0.000E+00  1.803E-02
           9  8.400126E+02  1.591E-03  1.004E-05  0.000E+00  0.000E+00  1.803E-02
          10  8.400143E+02  1.715E-03  6.652E-06  0.000E+00  0.000E+00  1.803E-02
         100  8.403416E+02  3.873E-03  8.808E-07  5.015E-03  5.125E-06  1.804E-02
         200  8.407289E+02  3.873E-03  1.975E-07  3.026E-03  8.350E-07  1.805E-02
         300  8.411163E+02  3.873E-03  1.848E-07  6.107E-04  6.645E-07  1.805E-02
         400  8.415036E+02  3.873E-03  1.790E-07  2.667E-03  2.098E-06  1.806E-02
         500  8.418910E+02  3.873E-03  1.779E-07  5.424E-04  1.112E-06  1.807E-02
         600  8.422783E+02  3.873E-03  6.284E-08  6.827E-03  8.560E-07  1.808E-02
         700  8.426657E+02  3.873E-03  2.544E-08  3.069E-03  1.232E-06  1.809E-02
         800  8.430530E+02  3.873E-03  2.514E-08  6.537E-03  1.430E-06  1.809E-02
         900  8.434404E+02  3.873E-03  2.497E-08  5.063E-03  9.253E-07  1.810E-02
        1000  8.438277E+02  3.873E-03  2.050E-08  7.506E-03  4.626E-06  1.811E-02
        1100  8.442150E+02  3.873E-03  1.529E-08  6.732E-03  2.948E-06  1.812E-02
        1200  8.446024E+02  3.873E-03  1.505E-08  5.192E-03  2.809E-06  1.813E-02
        1300  8.449897E+02  3.873E-03  1.474E-08  7.652E-03  2.850E-06  1.813E-02
        1400  8.453771E+02  3.873E-03  1.440E-08  5.795E-03  2.030E-06  1.814E-02
        1500  8.457644E+02  3.873E-03  1.408E-08  6.730E-03  2.785E-06  1.815E-02
        1600  8.461518E+02  3.873E-03  1.383E-08  6.731E-03  2.797E-06  1.816E-02
        1700  8.465391E+02  3.873E-03  1.370E-08  6.015E-03  2.783E-06  1.816E-02
        1800  8.469264E+02  3.873E-03  1.367E-08  5.191E-03  2.792E-06  1.817E-02
        1900  8.473138E+02  3.873E-03  1.374E-08  8.443E-03  3.517E-06  1.818E-02
        2000  8.477011E+02  3.873E-03  1.390E-08  8.957E-03  3.042E-06  1.818E-02


   Iteration      Time   TimeStep    Diff.Hf    Diff.Tw   Diff.Mice  MiceTotal
           0  8.477011E+02  0.000E+00  0.000E+00  0.000E+00  0.000E+00  1.818E-02
           1  8.477050E+02  3.873E-03  1.401E-08  2.805E-01  8.965E-05  1.818E-02
           2  8.477089E+02  3.873E-03  1.401E-08  2.985E-01  5.593E-05  1.818E-02
           3  8.477128E+02  3.873E-03  1.401E-08  6.853E-05  4.287E-07  1.818E-02
           4  8.477166E+02  3.873E-03  1.401E-08  6.832E-05  4.300E-07  1.818E-02
           5  8.477205E+02  3.873E-03  1.402E-08  6.811E-05  4.313E-07  1.818E-02
           6  8.477244E+02  3.873E-03  1.402E-08  6.789E-05  4.326E-07  1.818E-02
           7  8.477282E+02  3.873E-03  1.402E-08  6.768E-05  4.339E-07  1.818E-02
           8  8.477321E+02  3.873E-03  1.403E-08  6.747E-05  4.352E-07  1.818E-02
           9  8.477360E+02  3.873E-03  1.403E-08  6.726E-05  4.365E-07  1.818E-02
          10  8.477399E+02  3.873E-03  1.403E-08  6.705E-05  4.378E-07  1.818E-02
         100  8.480885E+02  3.873E-03  1.414E-08  1.003E-02  3.161E-06  1.819E-02
         200  8.484758E+02  3.873E-03  1.441E-08  7.479E-03  3.482E-06  1.819E-02
         300  8.488632E+02  3.873E-03  1.473E-08  8.138E-03  3.855E-06  1.820E-02
         400  8.492505E+02  3.873E-03  1.507E-08  7.749E-03  3.854E-06  1.820E-02
         500  8.496378E+02  3.873E-03  1.543E-08  6.699E-03  3.937E-06  1.821E-02
         600  8.500252E+02  3.873E-03  1.580E-08  8.892E-03  4.668E-06  1.821E-02
         700  8.504125E+02  3.873E-03  1.611E-08  9.894E-03  5.282E-06  1.821E-02
         800  8.507999E+02  3.873E-03  1.623E-08  1.301E-02  7.751E-06  1.822E-02
         900  8.511872E+02  3.873E-03  1.635E-08  5.170E-03  5.854E-07  1.822E-02
        1000  8.515746E+02  3.873E-03  1.653E-08  5.170E-03  8.095E-07  1.822E-02


   Iteration      Time   TimeStep    Diff.Hf    Diff.Tw   Diff.Mice  MiceTotal
           0  8.515746E+02  0.000E+00  0.000E+00  0.000E+00  0.000E+00  1.822E-02
           1  8.515784E+02  3.873E-03  1.661E-08  0.000E+00  5.858E-10  1.822E-02
           2  8.515823E+02  3.873E-03  1.661E-08  0.000E+00  5.848E-10  1.822E-02
           3  8.515862E+02  3.873E-03  1.661E-08  0.000E+00  5.837E-10  1.822E-02
           4  8.515901E+02  3.873E-03  1.661E-08  0.000E+00  5.827E-10  1.822E-02
           5  8.515939E+02  3.873E-03  1.662E-08  0.000E+00  5.816E-10  1.822E-02
           6  8.515978E+02  3.873E-03  1.662E-08  0.000E+00  5.806E-10  1.822E-02
           7  8.516017E+02  3.873E-03  1.662E-08  0.000E+00  5.795E-10  1.822E-02
           8  8.516056E+02  3.873E-03  1.662E-08  0.000E+00  5.785E-10  1.822E-02
           9  8.516094E+02  3.873E-03  1.662E-08  0.000E+00  5.775E-10  1.822E-02
          10  8.516133E+02  3.873E-03  1.662E-08  0.000E+00  5.764E-10  1.822E-02
         100  8.519619E+02  3.873E-03  1.668E-08  4.690E-03  6.418E-07  1.822E-02
         200  8.523493E+02  3.873E-03  1.679E-08  4.221E-03  5.846E-07  1.823E-02
         300  8.527366E+02  3.873E-03  1.688E-08  4.221E-03  5.775E-07  1.823E-02
         400  8.531239E+02  3.873E-03  1.696E-08  7.309E-03  1.875E-06  1.823E-02
         500  8.535113E+02  3.873E-03  1.701E-08  6.665E-03  1.839E-06  1.823E-02
         600  8.538986E+02  3.873E-03  1.705E-08  8.388E-03  2.696E-06  1.823E-02
         700  8.542860E+02  3.873E-03  1.706E-08  1.293E-02  3.269E-06  1.824E-02
         800  8.546733E+02  3.873E-03  1.709E-08  7.894E-03  1.694E-06  1.824E-02
         900  8.550607E+02  3.873E-03  1.713E-08  7.311E-03  8.976E-07  1.824E-02
        1000  8.554480E+02  3.873E-03  1.717E-08  7.221E-03  1.099E-06  1.824E-02


   Iteration      Time   TimeStep    Diff.Hf    Diff.Tw   Diff.Mice  MiceTotal
           0  8.554480E+02  0.000E+00  0.000E+00  0.000E+00  0.000E+00  1.824E-02
           1  8.554519E+02  3.873E-03  1.719E-08  8.209E-05  2.741E-09  1.824E-02
           2  8.554557E+02  3.873E-03  1.719E-08  8.171E-05  2.709E-09  1.824E-02
           3  8.554596E+02  3.873E-03  1.719E-08  8.133E-05  2.677E-09  1.824E-02
           4  8.554635E+02  3.873E-03  1.719E-08  8.096E-05  2.645E-09  1.824E-02
           5  8.554674E+02  3.873E-03  1.719E-08  8.058E-05  2.612E-09  1.824E-02
           6  8.554712E+02  3.873E-03  1.719E-08  8.021E-05  2.580E-09  1.824E-02
           7  8.554751E+02  3.873E-03  1.719E-08  7.984E-05  2.548E-09  1.824E-02
           8  8.554790E+02  3.873E-03  1.719E-08  7.948E-05  2.516E-09  1.824E-02
           9  8.554829E+02  3.873E-03  1.719E-08  7.912E-05  2.485E-09  1.824E-02
          10  8.554867E+02  3.873E-03  1.719E-08  7.875E-05  2.453E-09  1.824E-02
         100  8.558353E+02  3.873E-03  1.721E-08  5.855E-03  7.756E-07  1.824E-02
         200  8.562227E+02  3.873E-03  1.724E-08  2.991E-03  4.938E-08  1.825E-02
         300  8.566100E+02  3.873E-03  1.727E-08  2.990E-03  4.512E-07  1.825E-02
         400  8.569974E+02  3.873E-03  1.731E-08  2.989E-03  4.373E-07  1.825E-02
         500  8.573847E+02  3.873E-03  1.734E-08  4.224E-03  5.975E-07  1.825E-02
         600  8.577721E+02  3.873E-03  1.347E-08  2.988E-03  4.140E-07  1.825E-02
         700  8.581594E+02  3.873E-03  1.209E-09  5.971E-03  5.864E-07  1.826E-02
         800  8.585467E+02  3.873E-03  1.108E-09  4.223E-03  5.798E-07  1.826E-02
         900  8.589341E+02  3.873E-03  9.925E-10  6.535E-03  1.165E-06  1.826E-02
        1000  8.593214E+02  3.873E-03  8.707E-10  4.038E-03  6.599E-07  1.826E-02
        1100  8.597088E+02  3.873E-03  7.720E-10  7.264E-03  8.359E-07  1.826E-02
        1200  8.600961E+02  3.873E-03  6.771E-10  6.676E-03  7.805E-07  1.826E-02
        1300  8.604835E+02  3.873E-03  6.171E-10  7.194E-05  4.545E-09  1.827E-02
        1400  8.608708E+02  3.873E-03  6.040E-10  6.579E-05  4.156E-09  1.827E-02
        1500  8.612582E+02  3.873E-03  5.943E-10  6.005E-05  3.794E-09  1.827E-02
        1600  8.616455E+02  3.873E-03  5.778E-10  2.985E-03  2.597E-07  1.827E-02
        1700  8.620328E+02  3.873E-03  5.719E-10  2.985E-03  4.816E-08  1.827E-02
        1800  8.624202E+02  3.873E-03  5.683E-10  4.489E-05  3.661E-09  1.827E-02
        1900  8.628075E+02  3.873E-03  5.654E-10  4.044E-05  3.216E-08  1.828E-02
        2000  8.631949E+02  3.873E-03  5.634E-10  3.625E-05  3.087E-09  1.828E-02
        2100  8.635822E+02  3.873E-03  5.619E-10  2.985E-03  4.808E-08  1.828E-02
        2200  8.639696E+02  3.873E-03  5.604E-10  2.855E-05  2.551E-09  1.828E-02
        2300  8.643569E+02  3.873E-03  5.594E-10  2.502E-05  2.294E-09  1.828E-02
        2400  8.647442E+02  3.873E-03  5.587E-10  2.167E-05  2.042E-09  1.828E-02
        2500  8.651316E+02  3.873E-03  5.581E-10  1.849E-05  1.795E-09  1.829E-02
        2600  8.655189E+02  3.873E-03  5.576E-10  1.548E-05  1.550E-09  1.829E-02
        2700  8.659063E+02  3.873E-03  5.567E-10  4.221E-03  6.793E-08  1.829E-02
        2800  8.662936E+02  3.873E-03  5.562E-10  9.897E-06  1.066E-09  1.829E-02
        2900  8.666810E+02  3.873E-03  5.560E-10  7.313E-06  8.221E-10  1.829E-02
        3000  8.670683E+02  3.873E-03  5.559E-10  4.821E-06  5.744E-10  1.830E-02
        3100  8.674557E+02  3.873E-03  5.557E-10  2.390E-06  3.203E-10  1.830E-02
        3200  8.678430E+02  3.873E-03  5.552E-10  4.221E-03  6.427E-08  1.830E-02
        3300  8.682303E+02  3.873E-03  5.549E-10  0.000E+00  9.421E-10  1.830E-02
        3400  8.686177E+02  3.873E-03  5.548E-10  0.000E+00  8.342E-10  1.830E-02
        3500  8.690050E+02  3.873E-03  5.547E-10  0.000E+00  7.256E-10  1.830E-02
        3600  8.693924E+02  3.873E-03  5.529E-10  2.985E-03  1.109E-07  1.831E-02
        3700  8.697797E+02  3.873E-03  5.528E-10  0.000E+00  5.055E-10  1.831E-02
        3800  8.701671E+02  3.873E-03  5.527E-10  0.000E+00  3.933E-10  1.831E-02
        3900  8.705544E+02  3.873E-03  5.527E-10  0.000E+00  2.790E-10  1.831E-02
        4000  8.709417E+02  3.873E-03  5.527E-10  0.000E+00  1.622E-10  1.831E-02
        4100  8.713291E+02  3.873E-03  5.526E-10  2.985E-03  4.541E-08  1.831E-02
        4200  8.717164E+02  3.873E-03  5.523E-10  0.000E+00  4.320E-10  1.832E-02
        4300  8.721038E+02  3.873E-03  5.523E-10  0.000E+00  3.729E-10  1.832E-02
        4400  8.724911E+02  3.873E-03  5.523E-10  0.000E+00  3.147E-10  1.832E-02
        4500  8.728785E+02  3.873E-03  5.523E-10  0.000E+00  2.575E-10  1.832E-02
        4600  8.732658E+02  3.873E-03  5.520E-10  2.985E-03  4.726E-08  1.832E-02
        4700  8.736531E+02  3.873E-03  5.519E-10  0.000E+00  1.453E-10  1.833E-02
        4800  8.740405E+02  3.873E-03  5.518E-10  0.000E+00  9.015E-11  1.833E-02
        4900  8.744278E+02  3.873E-03  5.518E-10  0.000E+00  3.541E-11  1.833E-02
        5000  8.748152E+02  3.873E-03  5.515E-10  4.221E-03  4.726E-08  1.833E-02
        5100  8.752025E+02  3.873E-03  5.514E-10  0.000E+00  3.230E-14  1.833E-02
        5200  8.755899E+02  3.873E-03  5.514E-10  0.000E+00  2.753E-14  1.833E-02
        5300  8.759772E+02  3.873E-03  5.514E-10  0.000E+00  2.346E-14  1.834E-02
        5400  8.763646E+02  3.873E-03  5.514E-10  0.000E+00  1.999E-14  1.834E-02
        5500  8.767519E+02  3.873E-03  5.514E-10  0.000E+00  1.704E-14  1.834E-02
        5600  8.771392E+02  3.873E-03  5.514E-10  0.000E+00  1.452E-14  1.834E-02
        5700  8.775266E+02  3.873E-03  5.514E-10  0.000E+00  1.237E-14  1.834E-02
        5800  8.779139E+02  3.873E-03  5.514E-10  0.000E+00  1.160E-08  1.834E-02
        5900  8.783013E+02  3.873E-03  5.511E-10  2.985E-03  2.903E-07  1.835E-02
        6000  8.786886E+02  3.873E-03  5.381E-10  0.000E+00  7.657E-15  1.835E-02
        6100  8.790760E+02  3.873E-03  5.381E-10  0.000E+00  6.526E-15  1.835E-02
        6200  8.794633E+02  3.873E-03  5.381E-10  0.000E+00  5.561E-15  1.835E-02
        6300  8.798506E+02  3.873E-03  5.381E-10  0.000E+00  4.739E-15  1.835E-02
        6400  8.802380E+02  3.873E-03  5.381E-10  0.000E+00  4.039E-15  1.835E-02
        6500  8.806253E+02  3.873E-03  5.381E-10  0.000E+00  3.442E-15  1.836E-02
        6600  8.810127E+02  3.873E-03  5.381E-10  0.000E+00  2.933E-15  1.836E-02
        6700  8.814000E+02  3.873E-03  5.381E-10  0.000E+00  2.500E-15  1.836E-02
        6800  8.817874E+02  3.873E-03  5.381E-10  0.000E+00  2.130E-15  1.836E-02
        6900  8.821747E+02  3.873E-03  5.381E-10  0.000E+00  1.815E-15  1.836E-02
        7000  8.825620E+02  3.873E-03  5.381E-10  0.000E+00  1.547E-15  1.837E-02
        7100  8.829494E+02  3.873E-03  5.381E-10  0.000E+00  1.318E-15  1.837E-02
        7200  8.833367E+02  3.873E-03  5.381E-10  0.000E+00  1.124E-15  1.837E-02
        7300  8.837241E+02  3.873E-03  5.381E-10  0.000E+00  9.575E-16  1.837E-02
        7400  8.841114E+02  3.873E-03  5.381E-10  0.000E+00  8.160E-16  1.837E-02
        7500  8.844988E+02  3.873E-03  5.381E-10  0.000E+00  6.954E-16  1.837E-02
        7600  8.848861E+02  3.873E-03  5.381E-10  0.000E+00  5.926E-16  1.838E-02
        7700  8.852735E+02  3.873E-03  5.381E-10  0.000E+00  5.050E-16  1.838E-02
        7800  8.856608E+02  3.873E-03  5.381E-10  0.000E+00  4.304E-16  1.838E-02
        7900  8.860481E+02  3.873E-03  5.381E-10  0.000E+00  3.668E-16  1.838E-02
        8000  8.864355E+02  3.873E-03  5.381E-10  0.000E+00  3.126E-16  1.838E-02
        8100  8.868228E+02  3.873E-03  5.381E-10  0.000E+00  2.664E-16  1.838E-02
        8200  8.872102E+02  3.873E-03  5.381E-10  0.000E+00  2.270E-16  1.839E-02
        8300  8.875975E+02  3.873E-03  5.381E-10  0.000E+00  1.935E-16  1.839E-02
        8400  8.879849E+02  3.873E-03  5.381E-10  0.000E+00  1.649E-16  1.839E-02
        8500  8.883722E+02  3.873E-03  5.381E-10  0.000E+00  1.405E-16  1.839E-02
        8600  8.887595E+02  3.873E-03  5.381E-10  0.000E+00  1.197E-16  1.839E-02
        8700  8.891469E+02  3.873E-03  5.381E-10  0.000E+00  1.020E-16  1.839E-02
        8800  8.895342E+02  3.873E-03  5.381E-10  0.000E+00  8.696E-17  1.840E-02
        8900  8.899216E+02  3.873E-03  5.381E-10  0.000E+00  7.411E-17  1.840E-02
        9000  8.903089E+02  3.873E-03  5.381E-10  0.000E+00  6.316E-17  1.840E-02
        9100  8.906963E+02  3.873E-03  5.381E-10  0.000E+00  5.382E-17  1.840E-02
        9200  8.910836E+02  3.873E-03  5.381E-10  0.000E+00  4.587E-17  1.840E-02
        9300  8.914709E+02  3.873E-03  5.381E-10  0.000E+00  3.909E-17  1.841E-02
        9400  8.918583E+02  3.873E-03  5.381E-10  0.000E+00  3.331E-17  1.841E-02
        9500  8.922456E+02  3.873E-03  5.381E-10  0.000E+00  2.839E-17  1.841E-02
        9600  8.926330E+02  3.873E-03  5.381E-10  0.000E+00  2.419E-17  1.841E-02
        9700  8.930203E+02  3.873E-03  5.381E-10  0.000E+00  2.062E-17  1.841E-02
        9800  8.934077E+02  3.873E-03  5.381E-10  0.000E+00  1.757E-17  1.841E-02
        9900  8.937950E+02  3.873E-03  5.381E-10  0.000E+00  1.497E-17  1.842E-02
       10000  8.941824E+02  3.873E-03  5.381E-10  0.000E+00  1.276E-17  1.842E-02
       10100  8.945697E+02  3.873E-03  5.381E-10  0.000E+00  1.087E-17  1.842E-02
       10200  8.949570E+02  3.873E-03  5.381E-10  0.000E+00  9.267E-18  1.842E-02
       10300  8.953444E+02  3.873E-03  5.381E-10  0.000E+00  7.897E-18  1.842E-02
       10400  8.957317E+02  3.873E-03  5.381E-10  0.000E+00  6.730E-18  1.842E-02
       10500  8.961191E+02  3.873E-03  5.381E-10  0.000E+00  5.736E-18  1.843E-02
       10600  8.965064E+02  3.873E-03  5.381E-10  0.000E+00  4.888E-18  1.843E-02
       10700  8.968938E+02  3.873E-03  5.381E-10  0.000E+00  4.165E-18  1.843E-02
       10800  8.972811E+02  3.873E-03  5.381E-10  0.000E+00  3.550E-18  1.843E-02
       10900  8.976684E+02  3.873E-03  5.381E-10  0.000E+00  3.025E-18  1.843E-02
       11000  8.980558E+02  3.873E-03  5.381E-10  0.000E+00  2.578E-18  1.844E-02
       11100  8.984431E+02  3.873E-03  5.381E-10  0.000E+00  2.197E-18  1.844E-02
       11200  8.988305E+02  3.873E-03  5.381E-10  0.000E+00  1.872E-18  1.844E-02
       11300  8.992178E+02  3.873E-03  5.381E-10  0.000E+00  1.596E-18  1.844E-02
       11400  8.996052E+02  3.873E-03  5.381E-10  0.000E+00  1.360E-18  1.844E-02
       11500  8.999925E+02  3.873E-03  5.381E-10  0.000E+00  1.159E-18  1.844E-02
       11600  9.003798E+02  3.873E-03  5.381E-10  0.000E+00  9.875E-19  1.845E-02
       11700  9.007672E+02  3.873E-03  5.381E-10  0.000E+00  8.415E-19  1.845E-02
       11800  9.011545E+02  3.873E-03  5.381E-10  0.000E+00  7.175E-19  1.845E-02
       11900  9.015419E+02  3.873E-03  5.381E-10  0.000E+00  6.111E-19  1.845E-02
       12000  9.019292E+02  3.873E-03  5.381E-10  0.000E+00  5.209E-19  1.845E-02
       12100  9.023166E+02  3.873E-03  5.381E-10  0.000E+00  4.438E-19  1.845E-02
       12200  9.027039E+02  3.873E-03  5.381E-10  0.000E+00  3.783E-19  1.846E-02
       12300  9.030913E+02  3.873E-03  5.381E-10  0.000E+00  3.225E-19  1.846E-02
       12400  9.034786E+02  3.873E-03  5.381E-10  0.000E+00  2.746E-19  1.846E-02
       12500  9.038659E+02  3.873E-03  5.381E-10  0.000E+00  2.342E-19  1.846E-02
       12600  9.042533E+02  3.873E-03  5.381E-10  0.000E+00  1.996E-19  1.846E-02
       12700  9.046406E+02  3.873E-03  5.381E-10  0.000E+00  1.701E-19  1.846E-02
       12800  9.050280E+02  3.873E-03  5.381E-10  0.000E+00  1.449E-19  1.847E-02
       12900  9.054153E+02  3.873E-03  5.381E-10  0.000E+00  1.234E-19  1.847E-02
       13000  9.058027E+02  3.873E-03  5.381E-10  0.000E+00  1.054E-19  1.847E-02
       13100  9.061900E+02  3.873E-03  5.381E-10  0.000E+00  8.974E-20  1.847E-02
       13200  9.065773E+02  3.873E-03  5.381E-10  0.000E+00  7.635E-20  1.847E-02
       13300  9.069647E+02  3.873E-03  5.381E-10  0.000E+00  6.519E-20  1.848E-02
       13400  9.073520E+02  3.873E-03  5.381E-10  0.000E+00  5.547E-20  1.848E-02
       13500  9.077394E+02  3.873E-03  5.381E-10  0.000E+00  4.718E-20  1.848E-02
       13600  9.081267E+02  3.873E-03  5.381E-10  0.000E+00  4.033E-20  1.848E-02
       13700  9.085141E+02  3.873E-03  5.381E-10  0.000E+00  3.443E-20  1.848E-02
       13800  9.089014E+02  3.873E-03  5.381E-10  0.000E+00  2.933E-20  1.848E-02
       13900  9.092887E+02  3.873E-03  5.381E-10  0.000E+00  2.487E-20  1.849E-02
       14000  9.096761E+02  3.873E-03  5.381E-10  0.000E+00  2.136E-20  1.849E-02
       14100  9.100634E+02  3.873E-03  5.381E-10  0.000E+00  1.817E-20  1.849E-02
       14200  9.104508E+02  3.873E-03  5.381E-10  0.000E+00  1.530E-20  1.849E-02
       14300  9.108381E+02  3.873E-03  5.381E-10  0.000E+00  1.323E-20  1.849E-02
       14400  9.112255E+02  3.873E-03  5.381E-10  0.000E+00  1.116E-20  1.849E-02
       14500  9.116128E+02  3.873E-03  5.381E-10  0.000E+00  9.564E-21  1.850E-02
       14600  9.120002E+02  3.873E-03  5.381E-10  0.000E+00  8.129E-21  1.850E-02
       14700  9.123875E+02  3.873E-03  5.381E-10  0.000E+00  7.014E-21  1.850E-02
       14800  9.127748E+02  3.873E-03  5.381E-10  0.000E+00  5.898E-21  1.850E-02
       14900  9.131622E+02  3.873E-03  5.381E-10  0.000E+00  4.941E-21  1.850E-02
       15000  9.135495E+02  3.873E-03  5.381E-10  0.000E+00  4.304E-21  1.850E-02
       15100  9.139369E+02  3.873E-03  5.381E-10  0.000E+00  3.666E-21  1.851E-02
       15200  9.143242E+02  3.873E-03  5.381E-10  0.000E+00  3.188E-21  1.851E-02
       15300  9.147116E+02  3.873E-03  5.381E-10  0.000E+00  2.550E-21  1.851E-02
       15400  9.150989E+02  3.873E-03  5.381E-10  0.000E+00  2.232E-21  1.851E-02
       15500  9.154862E+02  3.873E-03  5.381E-10  0.000E+00  1.913E-21  1.851E-02
       15600  9.158736E+02  3.873E-03  5.381E-10  0.000E+00  1.753E-21  1.852E-02
       15700  9.162609E+02  3.873E-03  5.381E-10  0.000E+00  1.275E-21  1.852E-02
       15800  9.166483E+02  3.873E-03  5.381E-10  0.000E+00  1.275E-21  1.852E-02
       15900  9.170356E+02  3.873E-03  5.381E-10  0.000E+00  1.116E-21  1.852E-02
       16000  9.174230E+02  3.873E-03  5.381E-10  0.000E+00  6.376E-22  1.852E-02
       16100  9.178103E+02  3.873E-03  5.381E-10  0.000E+00  7.970E-22  1.852E-02
       16200  9.181977E+02  3.873E-03  5.381E-10  0.000E+00  4.782E-22  1.853E-02
       16300  9.185850E+02  3.873E-03  5.381E-10  0.000E+00  7.970E-22  1.853E-02
       16400  9.189723E+02  3.873E-03  5.381E-10  0.000E+00  4.782E-22  1.853E-02
       16500  9.193597E+02  3.873E-03  5.381E-10  0.000E+00  6.376E-22  1.853E-02
       16600  9.197470E+02  3.873E-03  5.381E-10  0.000E+00  0.000E+00  1.853E-02
       16700  9.201344E+02  3.873E-03  5.381E-10  0.000E+00  0.000E+00  1.853E-02
       16800  9.205217E+02  3.873E-03  5.381E-10  0.000E+00  0.000E+00  1.854E-02
       16900  9.209091E+02  3.873E-03  5.381E-10  0.000E+00  0.000E+00  1.854E-02
       17000  9.212964E+02  3.873E-03  5.381E-10  0.000E+00  0.000E+00  1.854E-02
       17100  9.216837E+02  3.873E-03  5.381E-10  0.000E+00  0.000E+00  1.854E-02
       17200  9.220711E+02  3.873E-03  5.381E-10  0.000E+00  0.000E+00  1.854E-02
       17300  9.224584E+02  3.873E-03  5.381E-10  0.000E+00  0.000E+00  1.854E-02
       17400  9.228458E+02  3.873E-03  5.381E-10  0.000E+00  0.000E+00  1.855E-02
       17500  9.232331E+02  3.873E-03  5.381E-10  0.000E+00  0.000E+00  1.855E-02
       17600  9.236205E+02  3.873E-03  5.381E-10  0.000E+00  0.000E+00  1.855E-02
       17700  9.240078E+02  3.873E-03  5.381E-10  0.000E+00  0.000E+00  1.855E-02
       17800  9.243951E+02  3.873E-03  5.381E-10  0.000E+00  0.000E+00  1.855E-02
       17900  9.247825E+02  3.873E-03  5.381E-10  0.000E+00  0.000E+00  1.856E-02
       18000  9.251698E+02  3.873E-03  5.381E-10  0.000E+00  0.000E+00  1.856E-02
       18100  9.255572E+02  3.873E-03  5.381E-10  0.000E+00  0.000E+00  1.856E-02
       18200  9.259445E+02  3.873E-03  5.381E-10  0.000E+00  0.000E+00  1.856E-02
       18300  9.263319E+02  3.873E-03  5.381E-10  0.000E+00  0.000E+00  1.856E-02
       18400  9.267192E+02  3.873E-03  5.381E-10  0.000E+00  0.000E+00  1.856E-02
       18500  9.271066E+02  3.873E-03  5.381E-10  0.000E+00  0.000E+00  1.857E-02
       18600  9.274939E+02  3.873E-03  5.381E-10  0.000E+00  0.000E+00  1.857E-02
       18700  9.278812E+02  3.873E-03  5.381E-10  0.000E+00  0.000E+00  1.857E-02
       18800  9.282686E+02  3.873E-03  5.381E-10  0.000E+00  0.000E+00  1.857E-02
       18900  9.286559E+02  3.873E-03  5.381E-10  0.000E+00  0.000E+00  1.857E-02
       19000  9.290433E+02  3.873E-03  5.381E-10  0.000E+00  0.000E+00  1.857E-02
       19100  9.294306E+02  3.873E-03  5.381E-10  0.000E+00  0.000E+00  1.858E-02
       19200  9.298180E+02  3.873E-03  5.381E-10  0.000E+00  0.000E+00  1.858E-02
       19300  9.302053E+02  3.873E-03  5.381E-10  0.000E+00  0.000E+00  1.858E-02
       19400  9.305926E+02  3.873E-03  5.381E-10  0.000E+00  0.000E+00  1.858E-02
       19500  9.309800E+02  3.873E-03  5.381E-10  0.000E+00  0.000E+00  1.858E-02
       19600  9.313673E+02  3.873E-03  5.381E-10  0.000E+00  0.000E+00  1.859E-02
       19700  9.317547E+02  3.873E-03  5.381E-10  0.000E+00  0.000E+00  1.859E-02
       19800  9.321420E+02  3.873E-03  5.381E-10  0.000E+00  0.000E+00  1.859E-02
       19900  9.325294E+02  3.873E-03  5.381E-10  0.000E+00  0.000E+00  1.859E-02
       20000  9.329167E+02  3.873E-03  5.381E-10  0.000E+00  0.000E+00  1.859E-02
       20100  9.333040E+02  3.873E-03  5.381E-10  0.000E+00  0.000E+00  1.859E-02
       20200  9.336914E+02  3.873E-03  5.381E-10  0.000E+00  0.000E+00  1.860E-02
       20300  9.340787E+02  3.873E-03  5.381E-10  0.000E+00  0.000E+00  1.860E-02
       20400  9.344661E+02  3.873E-03  5.381E-10  0.000E+00  0.000E+00  1.860E-02
       20500  9.348534E+02  3.873E-03  5.381E-10  0.000E+00  0.000E+00  1.860E-02
       20600  9.352408E+02  3.873E-03  5.381E-10  0.000E+00  0.000E+00  1.860E-02
       20700  9.356281E+02  3.873E-03  5.381E-10  0.000E+00  0.000E+00  1.860E-02
       20800  9.360155E+02  3.873E-03  5.381E-10  0.000E+00  0.000E+00  1.861E-02
       20900  9.364028E+02  3.873E-03  5.381E-10  0.000E+00  0.000E+00  1.861E-02
       21000  9.367901E+02  3.873E-03  5.381E-10  0.000E+00  0.000E+00  1.861E-02
       21100  9.371775E+02  3.873E-03  5.381E-10  0.000E+00  0.000E+00  1.861E-02
       21200  9.375648E+02  3.873E-03  5.381E-10  0.000E+00  0.000E+00  1.861E-02
       21300  9.379522E+02  3.873E-03  5.381E-10  0.000E+00  0.000E+00  1.861E-02
       21400  9.383395E+02  3.873E-03  5.381E-10  0.000E+00  0.000E+00  1.862E-02
       21500  9.387269E+02  3.873E-03  5.381E-10  0.000E+00  0.000E+00  1.862E-02
       21600  9.391142E+02  3.873E-03  5.381E-10  0.000E+00  0.000E+00  1.862E-02
       21700  9.395015E+02  3.873E-03  5.381E-10  0.000E+00  0.000E+00  1.862E-02
       21800  9.398889E+02  3.873E-03  5.381E-10  0.000E+00  0.000E+00  1.862E-02
       21900  9.402762E+02  3.873E-03  5.381E-10  0.000E+00  0.000E+00  1.863E-02
       22000  9.406636E+02  3.873E-03  5.381E-10  0.000E+00  0.000E+00  1.863E-02
       22100  9.410509E+02  3.873E-03  5.381E-10  0.000E+00  0.000E+00  1.863E-02
       22200  9.414383E+02  3.873E-03  5.381E-10  0.000E+00  0.000E+00  1.863E-02
       22300  9.418256E+02  3.873E-03  5.381E-10  0.000E+00  0.000E+00  1.863E-02
       22400  9.422129E+02  3.873E-03  5.381E-10  0.000E+00  0.000E+00  1.863E-02
       22500  9.426003E+02  3.873E-03  5.381E-10  0.000E+00  0.000E+00  1.864E-02
       22600  9.429876E+02  3.873E-03  5.381E-10  0.000E+00  0.000E+00  1.864E-02
       22700  9.433750E+02  3.873E-03  5.381E-10  0.000E+00  0.000E+00  1.864E-02
       22800  9.437623E+02  3.873E-03  5.381E-10  0.000E+00  0.000E+00  1.864E-02
       22900  9.441497E+02  3.873E-03  5.381E-10  0.000E+00  0.000E+00  1.864E-02
       23000  9.445370E+02  3.873E-03  5.381E-10  0.000E+00  0.000E+00  1.864E-02
       23100  9.449244E+02  3.873E-03  5.381E-10  0.000E+00  0.000E+00  1.865E-02
       23200  9.453117E+02  3.873E-03  5.381E-10  0.000E+00  0.000E+00  1.865E-02
       23300  9.456990E+02  3.873E-03  5.381E-10  0.000E+00  0.000E+00  1.865E-02
       23400  9.460864E+02  3.873E-03  5.381E-10  0.000E+00  0.000E+00  1.865E-02
       23500  9.464737E+02  3.873E-03  5.381E-10  0.000E+00  0.000E+00  1.865E-02
       23600  9.468611E+02  3.873E-03  5.381E-10  0.000E+00  0.000E+00  1.865E-02
       23700  9.472484E+02  3.873E-03  5.381E-10  0.000E+00  0.000E+00  1.866E-02
       23800  9.476358E+02  3.873E-03  5.381E-10  0.000E+00  0.000E+00  1.866E-02
       23900  9.480231E+02  3.873E-03  5.381E-10  0.000E+00  0.000E+00  1.866E-02
       24000  9.484104E+02  3.873E-03  5.381E-10  0.000E+00  0.000E+00  1.866E-02
       24100  9.487978E+02  3.873E-03  5.381E-10  0.000E+00  0.000E+00  1.866E-02
       24200  9.491851E+02  3.873E-03  5.381E-10  0.000E+00  0.000E+00  1.867E-02
       24300  9.495725E+02  3.873E-03  5.381E-10  0.000E+00  0.000E+00  1.867E-02
       24400  9.499598E+02  3.873E-03  5.381E-10  0.000E+00  0.000E+00  1.867E-02
       24500  9.503472E+02  3.873E-03  5.381E-10  0.000E+00  0.000E+00  1.867E-02
       24600  9.507345E+02  3.873E-03  5.381E-10  0.000E+00  0.000E+00  1.867E-02
       24700  9.511218E+02  3.873E-03  5.381E-10  0.000E+00  0.000E+00  1.867E-02
       24800  9.515092E+02  3.873E-03  5.381E-10  0.000E+00  0.000E+00  1.868E-02
       24900  9.518965E+02  3.873E-03  5.381E-10  0.000E+00  0.000E+00  1.868E-02
       25000  9.522839E+02  3.873E-03  5.381E-10  0.000E+00  0.000E+00  1.868E-02
       25100  9.526712E+02  3.873E-03  5.381E-10  0.000E+00  0.000E+00  1.868E-02
       25200  9.530586E+02  3.873E-03  5.381E-10  0.000E+00  0.000E+00  1.868E-02
       25300  9.534459E+02  3.873E-03  5.381E-10  0.000E+00  0.000E+00  1.868E-02
       25400  9.538333E+02  3.873E-03  5.381E-10  0.000E+00  0.000E+00  1.869E-02
       25500  9.542206E+02  3.873E-03  5.381E-10  0.000E+00  0.000E+00  1.869E-02
       25600  9.546079E+02  3.873E-03  5.381E-10  0.000E+00  0.000E+00  1.869E-02
       25700  9.549953E+02  3.873E-03  5.381E-10  0.000E+00  0.000E+00  1.869E-02
       25800  9.553826E+02  3.873E-03  5.381E-10  0.000E+00  0.000E+00  1.869E-02
       25900  9.557700E+02  3.873E-03  5.381E-10  0.000E+00  0.000E+00  1.870E-02
       26000  9.561573E+02  3.873E-03  5.381E-10  0.000E+00  0.000E+00  1.870E-02
       26100  9.565447E+02  3.873E-03  5.381E-10  0.000E+00  0.000E+00  1.870E-02
       26200  9.569320E+02  3.873E-03  5.381E-10  0.000E+00  0.000E+00  1.870E-02
       26300  9.573193E+02  3.873E-03  5.381E-10  0.000E+00  0.000E+00  1.870E-02
       26400  9.577067E+02  3.873E-03  5.381E-10  0.000E+00  0.000E+00  1.870E-02
       26500  9.580940E+02  3.873E-03  5.381E-10  0.000E+00  0.000E+00  1.871E-02
       26600  9.584814E+02  3.873E-03  5.381E-10  0.000E+00  0.000E+00  1.871E-02
       26700  9.588687E+02  3.873E-03  5.381E-10  0.000E+00  0.000E+00  1.871E-02
       26800  9.592561E+02  3.873E-03  5.381E-10  0.000E+00  0.000E+00  1.871E-02
       26900  9.596434E+02  3.873E-03  5.381E-10  0.000E+00  0.000E+00  1.871E-02
       27000  9.600307E+02  3.873E-03  5.381E-10  0.000E+00  0.000E+00  1.871E-02
       27100  9.604181E+02  3.873E-03  5.381E-10  0.000E+00  0.000E+00  1.872E-02
       27200  9.608054E+02  3.873E-03  5.381E-10  0.000E+00  0.000E+00  1.872E-02
       27300  9.611928E+02  3.873E-03  5.381E-10  0.000E+00  0.000E+00  1.872E-02
       27400  9.615801E+02  3.873E-03  5.381E-10  0.000E+00  0.000E+00  1.872E-02
       27500  9.619675E+02  3.873E-03  5.381E-10  0.000E+00  0.000E+00  1.872E-02
       27600  9.623548E+02  3.873E-03  5.381E-10  0.000E+00  0.000E+00  1.872E-02
       27700  9.627422E+02  3.873E-03  5.381E-10  0.000E+00  0.000E+00  1.873E-02
       27800  9.631295E+02  3.873E-03  5.381E-10  0.000E+00  0.000E+00  1.873E-02
       27900  9.635168E+02  3.873E-03  5.381E-10  0.000E+00  0.000E+00  1.873E-02
       28000  9.639042E+02  3.873E-03  5.381E-10  0.000E+00  0.000E+00  1.873E-02
       28100  9.642915E+02  3.873E-03  5.381E-10  0.000E+00  0.000E+00  1.873E-02
       28200  9.646789E+02  3.873E-03  5.381E-10  0.000E+00  0.000E+00  1.874E-02
       28300  9.650662E+02  3.873E-03  5.381E-10  0.000E+00  0.000E+00  1.874E-02
       28400  9.654536E+02  3.873E-03  5.381E-10  0.000E+00  0.000E+00  1.874E-02
       28500  9.658409E+02  3.873E-03  5.381E-10  0.000E+00  0.000E+00  1.874E-02
       28600  9.662282E+02  3.873E-03  5.381E-10  0.000E+00  0.000E+00  1.874E-02
       28700  9.666156E+02  3.873E-03  5.381E-10  0.000E+00  0.000E+00  1.874E-02
       28800  9.670029E+02  3.873E-03  5.381E-10  0.000E+00  0.000E+00  1.875E-02
       28900  9.673903E+02  3.873E-03  5.381E-10  0.000E+00  0.000E+00  1.875E-02
       29000  9.677776E+02  3.873E-03  5.381E-10  0.000E+00  0.000E+00  1.875E-02
       29100  9.681650E+02  3.873E-03  5.381E-10  0.000E+00  0.000E+00  1.875E-02
       29200  9.685523E+02  3.873E-03  5.381E-10  0.000E+00  0.000E+00  1.875E-02
       29300  9.689397E+02  3.873E-03  5.381E-10  0.000E+00  0.000E+00  1.875E-02
       29400  9.693270E+02  3.873E-03  5.381E-10  0.000E+00  0.000E+00  1.876E-02
       29500  9.697143E+02  3.873E-03  5.381E-10  0.000E+00  0.000E+00  1.876E-02
       29600  9.701017E+02  3.873E-03  5.381E-10  0.000E+00  0.000E+00  1.876E-02
       29700  9.704890E+02  3.873E-03  5.381E-10  0.000E+00  0.000E+00  1.876E-02
       29800  9.708764E+02  3.873E-03  5.381E-10  0.000E+00  0.000E+00  1.876E-02
       29900  9.712637E+02  3.873E-03  5.381E-10  0.000E+00  0.000E+00  1.876E-02
       30000  9.716511E+02  3.873E-03  5.381E-10  0.000E+00  0.000E+00  1.877E-02
       30100  9.720384E+02  3.873E-03  5.381E-10  0.000E+00  0.000E+00  1.877E-02
       30200  9.724257E+02  3.873E-03  5.381E-10  0.000E+00  0.000E+00  1.877E-02
       30300  9.728131E+02  3.873E-03  5.381E-10  0.000E+00  0.000E+00  1.877E-02
       30400  9.732004E+02  3.873E-03  5.381E-10  0.000E+00  0.000E+00  1.877E-02
       30500  9.735878E+02  3.873E-03  5.381E-10  0.000E+00  0.000E+00  1.878E-02
       30600  9.739751E+02  3.873E-03  5.381E-10  0.000E+00  0.000E+00  1.878E-02
       30700  9.743625E+02  3.873E-03  5.381E-10  0.000E+00  0.000E+00  1.878E-02
       30800  9.747498E+02  3.873E-03  5.381E-10  0.000E+00  0.000E+00  1.878E-02
       30900  9.751371E+02  3.873E-03  5.381E-10  0.000E+00  0.000E+00  1.878E-02
       31000  9.755245E+02  3.873E-03  5.381E-10  0.000E+00  0.000E+00  1.878E-02
       31100  9.759118E+02  3.873E-03  5.381E-10  0.000E+00  0.000E+00  1.879E-02
       31200  9.762992E+02  3.873E-03  5.381E-10  0.000E+00  0.000E+00  1.879E-02
       31300  9.766865E+02  3.873E-03  5.381E-10  0.000E+00  0.000E+00  1.879E-02
       31400  9.770739E+02  3.873E-03  5.381E-10  0.000E+00  0.000E+00  1.879E-02
       31500  9.774612E+02  3.873E-03  5.381E-10  0.000E+00  0.000E+00  1.879E-02
       31600  9.778486E+02  3.873E-03  5.381E-10  0.000E+00  0.000E+00  1.879E-02
       31700  9.782359E+02  3.873E-03  5.381E-10  0.000E+00  0.000E+00  1.880E-02
       31800  9.786232E+02  3.873E-03  5.381E-10  0.000E+00  0.000E+00  1.880E-02
       31900  9.790106E+02  3.873E-03  5.381E-10  0.000E+00  0.000E+00  1.880E-02
       32000  9.793979E+02  3.873E-03  5.381E-10  0.000E+00  0.000E+00  1.880E-02
       32100  9.797853E+02  3.873E-03  5.381E-10  0.000E+00  0.000E+00  1.880E-02
       32200  9.801726E+02  3.873E-03  5.381E-10  0.000E+00  0.000E+00  1.880E-02
       32300  9.805600E+02  3.873E-03  5.381E-10  0.000E+00  0.000E+00  1.881E-02
       32400  9.809473E+02  3.873E-03  4.655E-10  0.000E+00  0.000E+00  1.881E-02
       32500  9.813346E+02  3.873E-03  4.222E-11  0.000E+00  0.000E+00  1.881E-02
       32600  9.817220E+02  3.873E-03  4.222E-11  0.000E+00  0.000E+00  1.881E-02
       32700  9.821093E+02  3.873E-03  4.222E-11  0.000E+00  0.000E+00  1.881E-02
       32800  9.824967E+02  3.873E-03  4.222E-11  0.000E+00  0.000E+00  1.882E-02
       32900  9.828840E+02  3.873E-03  4.222E-11  0.000E+00  0.000E+00  1.882E-02
       33000  9.832714E+02  3.873E-03  4.222E-11  0.000E+00  0.000E+00  1.882E-02
       33100  9.836587E+02  3.873E-03  4.222E-11  0.000E+00  0.000E+00  1.882E-02
       33200  9.840460E+02  3.873E-03  4.222E-11  0.000E+00  0.000E+00  1.882E-02
       33300  9.844334E+02  3.873E-03  4.222E-11  0.000E+00  0.000E+00  1.882E-02
       33400  9.848207E+02  3.873E-03  4.222E-11  0.000E+00  0.000E+00  1.883E-02
       33500  9.852081E+02  3.873E-03  4.222E-11  0.000E+00  0.000E+00  1.883E-02
       33600  9.855954E+02  3.873E-03  4.222E-11  0.000E+00  0.000E+00  1.883E-02
       33700  9.859828E+02  3.873E-03  4.222E-11  0.000E+00  0.000E+00  1.883E-02
       33800  9.863701E+02  3.873E-03  4.222E-11  0.000E+00  0.000E+00  1.883E-02
       33900  9.867575E+02  3.873E-03  4.222E-11  0.000E+00  0.000E+00  1.883E-02
       34000  9.871448E+02  3.873E-03  4.222E-11  0.000E+00  0.000E+00  1.884E-02
       34100  9.875321E+02  3.873E-03  4.222E-11  0.000E+00  0.000E+00  1.884E-02
       34200  9.879195E+02  3.873E-03  4.222E-11  0.000E+00  0.000E+00  1.884E-02
       34300  9.883068E+02  3.873E-03  4.222E-11  0.000E+00  0.000E+00  1.884E-02
       34400  9.886942E+02  3.873E-03  4.222E-11  0.000E+00  0.000E+00  1.884E-02
       34500  9.890815E+02  3.873E-03  4.222E-11  0.000E+00  0.000E+00  1.885E-02
       34600  9.894689E+02  3.873E-03  4.222E-11  0.000E+00  0.000E+00  1.885E-02
       34700  9.898562E+02  3.873E-03  4.222E-11  0.000E+00  0.000E+00  1.885E-02
       34800  9.902435E+02  3.873E-03  4.222E-11  0.000E+00  0.000E+00  1.885E-02
       34900  9.906309E+02  3.873E-03  4.222E-11  0.000E+00  0.000E+00  1.885E-02
       35000  9.910182E+02  3.873E-03  4.222E-11  0.000E+00  0.000E+00  1.885E-02
       35100  9.914056E+02  3.873E-03  4.222E-11  0.000E+00  0.000E+00  1.886E-02
       35200  9.917929E+02  3.873E-03  4.222E-11  0.000E+00  0.000E+00  1.886E-02
       35300  9.921803E+02  3.873E-03  4.222E-11  0.000E+00  0.000E+00  1.886E-02
       35400  9.925676E+02  3.873E-03  4.222E-11  0.000E+00  0.000E+00  1.886E-02
       35500  9.929549E+02  3.873E-03  4.222E-11  0.000E+00  0.000E+00  1.886E-02
       35600  9.933423E+02  3.873E-03  4.222E-11  0.000E+00  0.000E+00  1.886E-02
       35700  9.937296E+02  3.873E-03  4.222E-11  0.000E+00  0.000E+00  1.887E-02
       35800  9.941170E+02  3.873E-03  4.222E-11  0.000E+00  0.000E+00  1.887E-02
       35900  9.945043E+02  3.873E-03  4.222E-11  0.000E+00  0.000E+00  1.887E-02
       36000  9.948917E+02  3.873E-03  4.222E-11  0.000E+00  0.000E+00  1.887E-02
       36100  9.952790E+02  3.873E-03  4.222E-11  0.000E+00  0.000E+00  1.887E-02
       36200  9.956664E+02  3.873E-03  4.222E-11  0.000E+00  0.000E+00  1.887E-02
       36300  9.960537E+02  3.873E-03  4.222E-11  0.000E+00  0.000E+00  1.888E-02
       36400  9.964410E+02  3.873E-03  4.222E-11  0.000E+00  0.000E+00  1.888E-02
       36500  9.968284E+02  3.873E-03  4.222E-11  0.000E+00  0.000E+00  1.888E-02
       36600  9.972157E+02  3.873E-03  4.222E-11  0.000E+00  0.000E+00  1.888E-02
       36700  9.976031E+02  3.873E-03  4.222E-11  0.000E+00  0.000E+00  1.888E-02
       36800  9.979904E+02  3.873E-03  4.222E-11  0.000E+00  0.000E+00  1.889E-02
       36900  9.983778E+02  3.873E-03  4.222E-11  0.000E+00  0.000E+00  1.889E-02
       37000  9.987651E+02  3.873E-03  4.222E-11  0.000E+00  0.000E+00  1.889E-02
       37100  9.991524E+02  3.873E-03  4.222E-11  0.000E+00  0.000E+00  1.889E-02
       37200  9.995398E+02  3.873E-03  4.222E-11  0.000E+00  0.000E+00  1.889E-02
       37300  9.999271E+02  3.873E-03  4.222E-11  0.000E+00  0.000E+00  1.889E-02
       37400  1.000314E+03  3.873E-03  4.222E-11  0.000E+00  0.000E+00  1.890E-02
       37500  1.000702E+03  3.873E-03  4.222E-11  0.000E+00  0.000E+00  1.890E-02
       37600  1.001089E+03  3.873E-03  4.222E-11  0.000E+00  0.000E+00  1.890E-02
       37700  1.001477E+03  3.873E-03  4.222E-11  0.000E+00  0.000E+00  1.890E-02
       37800  1.001864E+03  3.873E-03  4.222E-11  0.000E+00  0.000E+00  1.890E-02
       37900  1.002251E+03  3.873E-03  4.222E-11  0.000E+00  0.000E+00  1.890E-02
       38000  1.002639E+03  3.873E-03  4.222E-11  0.000E+00  0.000E+00  1.891E-02
       38100  1.003026E+03  3.873E-03  4.222E-11  0.000E+00  0.000E+00  1.891E-02
       38200  1.003413E+03  3.873E-03  4.222E-11  0.000E+00  0.000E+00  1.891E-02
       38300  1.003801E+03  3.873E-03  4.222E-11  0.000E+00  0.000E+00  1.891E-02
       38400  1.004188E+03  3.873E-03  4.222E-11  0.000E+00  0.000E+00  1.891E-02
       38500  1.004575E+03  3.873E-03  4.222E-11  0.000E+00  0.000E+00  1.891E-02
       38600  1.004963E+03  3.873E-03  4.222E-11  0.000E+00  0.000E+00  1.892E-02
       38700  1.005350E+03  3.873E-03  4.222E-11  0.000E+00  0.000E+00  1.892E-02
       38800  1.005737E+03  3.873E-03  4.222E-11  0.000E+00  0.000E+00  1.892E-02
       38900  1.006125E+03  3.873E-03  4.222E-11  0.000E+00  0.000E+00  1.892E-02
       39000  1.006512E+03  3.873E-03  4.222E-11  0.000E+00  0.000E+00  1.892E-02
       39100  1.006899E+03  3.873E-03  4.222E-11  0.000E+00  0.000E+00  1.893E-02
       39200  1.007287E+03  3.873E-03  4.222E-11  0.000E+00  0.000E+00  1.893E-02
       39300  1.007674E+03  3.873E-03  4.222E-11  0.000E+00  0.000E+00  1.893E-02
       39400  1.008061E+03  3.873E-03  4.222E-11  0.000E+00  0.000E+00  1.893E-02
       39500  1.008449E+03  3.873E-03  4.222E-11  0.000E+00  0.000E+00  1.893E-02
       39600  1.008836E+03  3.873E-03  4.222E-11  0.000E+00  0.000E+00  1.893E-02
       39700  1.009223E+03  3.873E-03  4.222E-11  0.000E+00  0.000E+00  1.894E-02
       39800  1.009611E+03  3.873E-03  4.222E-11  0.000E+00  0.000E+00  1.894E-02
       39900  1.009998E+03  3.873E-03  4.222E-11  0.000E+00  0.000E+00  1.894E-02
       40000  1.010385E+03  3.873E-03  4.222E-11  0.000E+00  0.000E+00  1.894E-02
       40100  1.010773E+03  3.873E-03  4.222E-11  0.000E+00  0.000E+00  1.894E-02
       40200  1.011160E+03  3.873E-03  4.222E-11  0.000E+00  0.000E+00  1.894E-02
       40300  1.011547E+03  3.873E-03  4.222E-11  0.000E+00  0.000E+00  1.895E-02
       40400  1.011935E+03  3.873E-03  4.222E-11  0.000E+00  0.000E+00  1.895E-02
       40500  1.012322E+03  3.873E-03  4.222E-11  0.000E+00  0.000E+00  1.895E-02
       40600  1.012709E+03  3.873E-03  4.222E-11  0.000E+00  0.000E+00  1.895E-02
       40700  1.013097E+03  3.873E-03  4.222E-11  0.000E+00  0.000E+00  1.895E-02
       40800  1.013484E+03  3.873E-03  4.222E-11  0.000E+00  0.000E+00  1.895E-02
       40900  1.013871E+03  3.873E-03  4.222E-11  0.000E+00  0.000E+00  1.896E-02
       41000  1.014259E+03  3.873E-03  4.222E-11  0.000E+00  0.000E+00  1.896E-02
       41100  1.014646E+03  3.873E-03  4.222E-11  0.000E+00  0.000E+00  1.896E-02
       41200  1.015034E+03  3.873E-03  4.222E-11  0.000E+00  0.000E+00  1.896E-02
       41300  1.015421E+03  3.873E-03  4.222E-11  0.000E+00  0.000E+00  1.896E-02
       41400  1.015808E+03  3.873E-03  4.222E-11  0.000E+00  0.000E+00  1.897E-02
       41500  1.016196E+03  3.873E-03  4.222E-11  0.000E+00  0.000E+00  1.897E-02
       41600  1.016583E+03  3.873E-03  4.222E-11  0.000E+00  0.000E+00  1.897E-02
       41700  1.016970E+03  3.873E-03  4.222E-11  0.000E+00  0.000E+00  1.897E-02
       41800  1.017358E+03  3.873E-03  4.222E-11  0.000E+00  0.000E+00  1.897E-02
       41900  1.017745E+03  3.873E-03  4.222E-11  0.000E+00  0.000E+00  1.897E-02
       42000  1.018132E+03  3.873E-03  4.222E-11  0.000E+00  0.000E+00  1.898E-02
       42100  1.018520E+03  3.873E-03  4.222E-11  0.000E+00  0.000E+00  1.898E-02
       42200  1.018907E+03  3.873E-03  4.222E-11  0.000E+00  0.000E+00  1.898E-02
       42300  1.019294E+03  3.873E-03  4.222E-11  0.000E+00  0.000E+00  1.898E-02
       42400  1.019682E+03  3.873E-03  4.222E-11  0.000E+00  0.000E+00  1.898E-02
       42500  1.020069E+03  3.873E-03  4.222E-11  0.000E+00  0.000E+00  1.898E-02
       42600  1.020456E+03  3.873E-03  4.222E-11  0.000E+00  0.000E+00  1.899E-02
       42700  1.020844E+03  3.873E-03  4.222E-11  0.000E+00  0.000E+00  1.899E-02
       42800  1.021231E+03  3.873E-03  4.222E-11  0.000E+00  0.000E+00  1.899E-02
       42900  1.021618E+03  3.873E-03  4.222E-11  0.000E+00  0.000E+00  1.899E-02
       43000  1.022006E+03  3.873E-03  4.222E-11  0.000E+00  0.000E+00  1.899E-02
       43100  1.022393E+03  3.873E-03  4.222E-11  0.000E+00  0.000E+00  1.900E-02
       43200  1.022780E+03  3.873E-03  4.222E-11  0.000E+00  0.000E+00  1.900E-02
       43300  1.023168E+03  3.873E-03  4.222E-11  0.000E+00  0.000E+00  1.900E-02
       43400  1.023555E+03  3.873E-03  4.222E-11  0.000E+00  0.000E+00  1.900E-02
       43500  1.023942E+03  3.873E-03  4.222E-11  0.000E+00  0.000E+00  1.900E-02
       43600  1.024330E+03  3.873E-03  4.222E-11  0.000E+00  0.000E+00  1.900E-02
       43700  1.024717E+03  3.873E-03  4.222E-11  0.000E+00  0.000E+00  1.901E-02
       43800  1.025104E+03  3.873E-03  4.222E-11  0.000E+00  0.000E+00  1.901E-02
       43900  1.025492E+03  3.873E-03  4.222E-11  0.000E+00  0.000E+00  1.901E-02
       44000  1.025879E+03  3.873E-03  4.222E-11  0.000E+00  0.000E+00  1.901E-02
       44100  1.026266E+03  3.873E-03  4.222E-11  0.000E+00  0.000E+00  1.901E-02
       44200  1.026654E+03  3.873E-03  4.222E-11  0.000E+00  0.000E+00  1.901E-02
       44300  1.027041E+03  3.873E-03  4.222E-11  0.000E+00  0.000E+00  1.902E-02
       44400  1.027429E+03  3.873E-03  4.222E-11  0.000E+00  0.000E+00  1.902E-02
       44500  1.027816E+03  3.873E-03  4.222E-11  0.000E+00  0.000E+00  1.902E-02
       44600  1.028203E+03  3.873E-03  4.222E-11  0.000E+00  0.000E+00  1.902E-02
       44700  1.028591E+03  3.873E-03  4.222E-11  0.000E+00  0.000E+00  1.902E-02
       44800  1.028978E+03  3.873E-03  4.222E-11  0.000E+00  0.000E+00  1.902E-02
       44900  1.029365E+03  3.873E-03  4.222E-11  0.000E+00  0.000E+00  1.903E-02
       45000  1.029753E+03  3.873E-03  4.222E-11  0.000E+00  0.000E+00  1.903E-02
       45100  1.030140E+03  3.873E-03  4.222E-11  0.000E+00  0.000E+00  1.903E-02
       45200  1.030527E+03  3.873E-03  4.222E-11  0.000E+00  0.000E+00  1.903E-02
       45300  1.030915E+03  3.873E-03  4.222E-11  0.000E+00  0.000E+00  1.903E-02
       45400  1.031302E+03  3.873E-03  4.222E-11  0.000E+00  0.000E+00  1.904E-02
       45500  1.031689E+03  3.873E-03  4.222E-11  0.000E+00  0.000E+00  1.904E-02
       45600  1.032077E+03  3.873E-03  4.222E-11  0.000E+00  0.000E+00  1.904E-02
       45700  1.032464E+03  3.873E-03  4.222E-11  0.000E+00  0.000E+00  1.904E-02
       45800  1.032851E+03  3.873E-03  4.222E-11  0.000E+00  0.000E+00  1.904E-02
       45900  1.033239E+03  3.873E-03  4.222E-11  0.000E+00  0.000E+00  1.904E-02
       46000  1.033626E+03  3.873E-03  4.222E-11  0.000E+00  0.000E+00  1.905E-02
       46100  1.034013E+03  3.873E-03  4.222E-11  0.000E+00  0.000E+00  1.905E-02
       46200  1.034401E+03  3.873E-03  4.222E-11  0.000E+00  0.000E+00  1.905E-02
       46300  1.034788E+03  3.873E-03  4.222E-11  0.000E+00  0.000E+00  1.905E-02
       46400  1.035175E+03  3.873E-03  4.222E-11  0.000E+00  0.000E+00  1.905E-02
       46500  1.035563E+03  3.873E-03  4.222E-11  0.000E+00  0.000E+00  1.905E-02
       46600  1.035950E+03  3.873E-03  4.222E-11  0.000E+00  0.000E+00  1.906E-02
       46700  1.036337E+03  3.873E-03  4.222E-11  0.000E+00  0.000E+00  1.906E-02
       46800  1.036725E+03  3.873E-03  4.222E-11  0.000E+00  0.000E+00  1.906E-02
       46900  1.037112E+03  3.873E-03  4.222E-11  0.000E+00  0.000E+00  1.906E-02
       47000  1.037499E+03  3.873E-03  4.222E-11  0.000E+00  0.000E+00  1.906E-02
       47100  1.037887E+03  3.873E-03  4.222E-11  0.000E+00  0.000E+00  1.906E-02
       47200  1.038274E+03  3.873E-03  4.222E-11  0.000E+00  0.000E+00  1.907E-02
       47300  1.038661E+03  3.873E-03  4.222E-11  0.000E+00  0.000E+00  1.907E-02
       47400  1.039049E+03  3.873E-03  4.222E-11  0.000E+00  0.000E+00  1.907E-02
       47500  1.039436E+03  3.873E-03  4.222E-11  0.000E+00  0.000E+00  1.907E-02
       47600  1.039824E+03  3.873E-03  4.222E-11  0.000E+00  0.000E+00  1.907E-02
       47700  1.040211E+03  3.873E-03  4.222E-11  0.000E+00  0.000E+00  1.908E-02
       47800  1.040598E+03  3.873E-03  4.222E-11  0.000E+00  0.000E+00  1.908E-02
       47900  1.040986E+03  3.873E-03  4.222E-11  0.000E+00  0.000E+00  1.908E-02
       48000  1.041373E+03  3.873E-03  4.222E-11  0.000E+00  0.000E+00  1.908E-02
       48100  1.041760E+03  3.873E-03  4.222E-11  0.000E+00  0.000E+00  1.908E-02
       48200  1.042148E+03  3.873E-03  4.222E-11  0.000E+00  0.000E+00  1.908E-02
       48300  1.042535E+03  3.873E-03  4.222E-11  0.000E+00  0.000E+00  1.909E-02
       48400  1.042922E+03  3.873E-03  4.222E-11  0.000E+00  0.000E+00  1.909E-02
       48500  1.043310E+03  3.873E-03  4.222E-11  0.000E+00  0.000E+00  1.909E-02
       48600  1.043697E+03  3.873E-03  4.222E-11  0.000E+00  0.000E+00  1.909E-02
       48700  1.044084E+03  3.873E-03  4.222E-11  0.000E+00  0.000E+00  1.909E-02
       48800  1.044472E+03  3.873E-03  4.222E-11  0.000E+00  0.000E+00  1.909E-02
       48900  1.044859E+03  3.873E-03  4.222E-11  0.000E+00  0.000E+00  1.910E-02
       49000  1.045246E+03  3.873E-03  4.222E-11  0.000E+00  0.000E+00  1.910E-02
       49100  1.045634E+03  3.873E-03  4.222E-11  0.000E+00  0.000E+00  1.910E-02
       49200  1.046021E+03  3.873E-03  4.222E-11  0.000E+00  0.000E+00  1.910E-02
       49300  1.046408E+03  3.873E-03  4.222E-11  0.000E+00  0.000E+00  1.910E-02
       49400  1.046796E+03  3.873E-03  4.222E-11  0.000E+00  0.000E+00  1.911E-02
       49500  1.047183E+03  3.873E-03  4.222E-11  0.000E+00  0.000E+00  1.911E-02
       49600  1.047570E+03  3.873E-03  4.222E-11  0.000E+00  0.000E+00  1.911E-02
       49700  1.047958E+03  3.873E-03  4.222E-11  0.000E+00  0.000E+00  1.911E-02
       49800  1.048345E+03  3.873E-03  4.222E-11  0.000E+00  0.000E+00  1.911E-02
       49900  1.048732E+03  3.873E-03  4.222E-11  0.000E+00  0.000E+00  1.911E-02
       50000  1.049120E+03  3.873E-03  4.222E-11  0.000E+00  0.000E+00  1.912E-02
       50100  1.049507E+03  3.873E-03  4.222E-11  0.000E+00  0.000E+00  1.912E-02
       50200  1.049894E+03  3.873E-03  4.222E-11  0.000E+00  0.000E+00  1.912E-02
       50300  1.050282E+03  3.873E-03  4.222E-11  0.000E+00  0.000E+00  1.912E-02
       50400  1.050669E+03  3.873E-03  4.222E-11  0.000E+00  0.000E+00  1.912E-02
       50500  1.051056E+03  3.873E-03  4.222E-11  0.000E+00  0.000E+00  1.912E-02
       50600  1.051444E+03  3.873E-03  4.222E-11  0.000E+00  0.000E+00  1.913E-02
       50700  1.051831E+03  3.873E-03  4.222E-11  0.000E+00  0.000E+00  1.913E-02
       50800  1.052219E+03  3.873E-03  4.222E-11  0.000E+00  0.000E+00  1.913E-02
       50900  1.052606E+03  3.873E-03  4.222E-11  0.000E+00  0.000E+00  1.913E-02
       51000  1.052993E+03  3.873E-03  4.222E-11  0.000E+00  0.000E+00  1.913E-02
       51100  1.053381E+03  3.873E-03  4.222E-11  0.000E+00  0.000E+00  1.913E-02
       51200  1.053768E+03  3.873E-03  4.222E-11  0.000E+00  0.000E+00  1.914E-02
       51300  1.054155E+03  3.873E-03  4.222E-11  0.000E+00  0.000E+00  1.914E-02
       51400  1.054543E+03  3.873E-03  4.222E-11  0.000E+00  0.000E+00  1.914E-02
       51500  1.054930E+03  3.873E-03  4.222E-11  0.000E+00  0.000E+00  1.914E-02
       51600  1.055317E+03  3.873E-03  4.222E-11  0.000E+00  0.000E+00  1.914E-02
       51700  1.055705E+03  3.873E-03  4.222E-11  0.000E+00  0.000E+00  1.915E-02
       51800  1.056092E+03  3.873E-03  4.222E-11  0.000E+00  0.000E+00  1.915E-02
       51900  1.056479E+03  3.873E-03  4.222E-11  0.000E+00  0.000E+00  1.915E-02
       52000  1.056867E+03  3.873E-03  4.222E-11  0.000E+00  0.000E+00  1.915E-02
       52100  1.057254E+03  3.873E-03  4.222E-11  0.000E+00  0.000E+00  1.915E-02
       52200  1.057641E+03  3.873E-03  4.222E-11  0.000E+00  0.000E+00  1.915E-02
       52300  1.058029E+03  3.873E-03  4.222E-11  0.000E+00  0.000E+00  1.916E-02
       52400  1.058416E+03  3.873E-03  4.222E-11  0.000E+00  0.000E+00  1.916E-02
       52500  1.058803E+03  3.873E-03  4.222E-11  0.000E+00  0.000E+00  1.916E-02
       52600  1.059191E+03  3.873E-03  4.222E-11  0.000E+00  0.000E+00  1.916E-02
       52700  1.059578E+03  3.873E-03  4.222E-11  0.000E+00  0.000E+00  1.916E-02
       52800  1.059965E+03  3.873E-03  4.222E-11  0.000E+00  0.000E+00  1.916E-02
       52900  1.060353E+03  3.873E-03  4.222E-11  0.000E+00  0.000E+00  1.917E-02
       53000  1.060740E+03  3.873E-03  4.222E-11  0.000E+00  0.000E+00  1.917E-02
       53100  1.061127E+03  3.873E-03  4.222E-11  0.000E+00  0.000E+00  1.917E-02
       53200  1.061515E+03  3.873E-03  4.222E-11  0.000E+00  0.000E+00  1.917E-02
       53300  1.061902E+03  3.873E-03  4.222E-11  0.000E+00  0.000E+00  1.917E-02
       53400  1.062289E+03  3.873E-03  4.222E-11  0.000E+00  0.000E+00  1.917E-02
       53500  1.062677E+03  3.873E-03  4.222E-11  0.000E+00  0.000E+00  1.918E-02
       53600  1.063064E+03  3.873E-03  4.222E-11  0.000E+00  0.000E+00  1.918E-02
       53700  1.063451E+03  3.873E-03  4.222E-11  0.000E+00  0.000E+00  1.918E-02
       53800  1.063839E+03  3.873E-03  4.222E-11  0.000E+00  0.000E+00  1.918E-02
       53900  1.064226E+03  3.873E-03  4.222E-11  0.000E+00  0.000E+00  1.918E-02
       54000  1.064613E+03  3.873E-03  4.222E-11  0.000E+00  0.000E+00  1.919E-02
       54100  1.065001E+03  3.873E-03  4.222E-11  0.000E+00  0.000E+00  1.919E-02
       54200  1.065388E+03  3.873E-03  4.222E-11  0.000E+00  0.000E+00  1.919E-02
       54300  1.065776E+03  3.873E-03  4.222E-11  0.000E+00  0.000E+00  1.919E-02
       54400  1.066163E+03  3.873E-03  4.222E-11  0.000E+00  0.000E+00  1.919E-02
       54500  1.066550E+03  3.873E-03  4.222E-11  0.000E+00  0.000E+00  1.919E-02
       54600  1.066938E+03  3.873E-03  4.222E-11  0.000E+00  0.000E+00  1.920E-02
       54700  1.067325E+03  3.873E-03  4.222E-11  0.000E+00  0.000E+00  1.920E-02
       54800  1.067712E+03  3.873E-03  4.222E-11  0.000E+00  0.000E+00  1.920E-02
       54900  1.068100E+03  3.873E-03  4.222E-11  0.000E+00  0.000E+00  1.920E-02
       55000  1.068487E+03  3.873E-03  4.222E-11  0.000E+00  0.000E+00  1.920E-02
       55100  1.068874E+03  3.873E-03  4.222E-11  0.000E+00  0.000E+00  1.920E-02
       55200  1.069262E+03  3.873E-03  4.222E-11  0.000E+00  0.000E+00  1.921E-02
       55300  1.069649E+03  3.873E-03  4.222E-11  0.000E+00  0.000E+00  1.921E-02
       55400  1.070036E+03  3.873E-03  4.222E-11  0.000E+00  0.000E+00  1.921E-02
       55500  1.070424E+03  3.873E-03  4.222E-11  0.000E+00  0.000E+00  1.921E-02
       55600  1.070811E+03  3.873E-03  4.222E-11  0.000E+00  0.000E+00  1.921E-02
       55700  1.071198E+03  3.873E-03  4.222E-11  0.000E+00  0.000E+00  1.921E-02
       55800  1.071586E+03  3.873E-03  4.222E-11  0.000E+00  0.000E+00  1.922E-02
       55900  1.071973E+03  3.873E-03  4.222E-11  0.000E+00  0.000E+00  1.922E-02
       56000  1.072360E+03  3.873E-03  4.222E-11  0.000E+00  0.000E+00  1.922E-02
       56100  1.072748E+03  3.873E-03  4.222E-11  0.000E+00  0.000E+00  1.922E-02
       56200  1.073135E+03  3.873E-03  4.222E-11  0.000E+00  0.000E+00  1.922E-02
       56300  1.073522E+03  3.873E-03  4.222E-11  0.000E+00  0.000E+00  1.923E-02
       56400  1.073910E+03  3.873E-03  4.222E-11  0.000E+00  0.000E+00  1.923E-02
       56500  1.074297E+03  3.873E-03  4.222E-11  0.000E+00  0.000E+00  1.923E-02
       56600  1.074684E+03  3.873E-03  4.222E-11  0.000E+00  0.000E+00  1.923E-02
       56700  1.075072E+03  3.873E-03  4.222E-11  0.000E+00  0.000E+00  1.923E-02
       56800  1.075459E+03  3.873E-03  4.222E-11  0.000E+00  0.000E+00  1.923E-02
       56900  1.075846E+03  3.873E-03  4.222E-11  0.000E+00  0.000E+00  1.924E-02
       57000  1.076234E+03  3.873E-03  4.222E-11  0.000E+00  0.000E+00  1.924E-02
       57100  1.076621E+03  3.873E-03  4.222E-11  0.000E+00  0.000E+00  1.924E-02
       57200  1.077008E+03  3.873E-03  4.222E-11  0.000E+00  0.000E+00  1.924E-02
       57300  1.077396E+03  3.873E-03  4.222E-11  0.000E+00  0.000E+00  1.924E-02
       57400  1.077783E+03  3.873E-03  4.222E-11  0.000E+00  0.000E+00  1.924E-02
       57500  1.078171E+03  3.873E-03  4.222E-11  0.000E+00  0.000E+00  1.925E-02
       57600  1.078558E+03  3.873E-03  4.222E-11  0.000E+00  0.000E+00  1.925E-02
       57700  1.078945E+03  3.873E-03  4.222E-11  0.000E+00  0.000E+00  1.925E-02
       57800  1.079333E+03  3.873E-03  4.222E-11  0.000E+00  0.000E+00  1.925E-02
       57900  1.079720E+03  3.873E-03  4.222E-11  0.000E+00  0.000E+00  1.925E-02
       58000  1.080107E+03  3.873E-03  4.222E-11  0.000E+00  0.000E+00  1.926E-02
       58100  1.080495E+03  3.873E-03  4.222E-11  0.000E+00  0.000E+00  1.926E-02
       58200  1.080882E+03  3.873E-03  4.222E-11  0.000E+00  0.000E+00  1.926E-02
       58300  1.081269E+03  3.873E-03  4.222E-11  0.000E+00  0.000E+00  1.926E-02
       58400  1.081657E+03  3.873E-03  4.222E-11  0.000E+00  0.000E+00  1.926E-02
       58500  1.082044E+03  3.873E-03  4.222E-11  0.000E+00  0.000E+00  1.926E-02
       58600  1.082431E+03  3.873E-03  4.222E-11  0.000E+00  0.000E+00  1.927E-02
       58700  1.082819E+03  3.873E-03  4.222E-11  0.000E+00  0.000E+00  1.927E-02
       58800  1.083206E+03  3.873E-03  4.222E-11  0.000E+00  0.000E+00  1.927E-02
       58900  1.083593E+03  3.873E-03  4.222E-11  0.000E+00  0.000E+00  1.927E-02
       59000  1.083981E+03  3.873E-03  4.222E-11  0.000E+00  0.000E+00  1.927E-02
       59100  1.084368E+03  3.873E-03  4.222E-11  0.000E+00  0.000E+00  1.927E-02
       59200  1.084755E+03  3.873E-03  4.222E-11  0.000E+00  0.000E+00  1.928E-02
       59300  1.085143E+03  3.873E-03  4.222E-11  0.000E+00  0.000E+00  1.928E-02
       59400  1.085530E+03  3.873E-03  4.222E-11  0.000E+00  0.000E+00  1.928E-02
       59500  1.085917E+03  3.873E-03  4.222E-11  0.000E+00  0.000E+00  1.928E-02
       59600  1.086305E+03  3.873E-03  4.222E-11  0.000E+00  0.000E+00  1.928E-02
       59700  1.086692E+03  3.873E-03  4.222E-11  0.000E+00  0.000E+00  1.928E-02
       59800  1.087079E+03  3.873E-03  4.222E-11  0.000E+00  0.000E+00  1.929E-02
       59900  1.087467E+03  3.873E-03  4.222E-11  0.000E+00  0.000E+00  1.929E-02
       60000  1.087854E+03  3.873E-03  4.222E-11  0.000E+00  0.000E+00  1.929E-02
       60100  1.088241E+03  3.873E-03  4.222E-11  0.000E+00  0.000E+00  1.929E-02
       60200  1.088629E+03  3.873E-03  4.222E-11  0.000E+00  0.000E+00  1.929E-02
       60300  1.089016E+03  3.873E-03  4.222E-11  0.000E+00  0.000E+00  1.930E-02
       60400  1.089403E+03  3.873E-03  4.222E-11  0.000E+00  0.000E+00  1.930E-02
       60500  1.089791E+03  3.873E-03  4.222E-11  0.000E+00  0.000E+00  1.930E-02
       60600  1.090178E+03  3.873E-03  4.222E-11  0.000E+00  0.000E+00  1.930E-02
       60700  1.090566E+03  3.873E-03  4.222E-11  0.000E+00  0.000E+00  1.930E-02
       60800  1.090953E+03  3.873E-03  4.222E-11  0.000E+00  0.000E+00  1.930E-02
       60900  1.091340E+03  3.873E-03  4.222E-11  0.000E+00  0.000E+00  1.931E-02
       61000  1.091728E+03  3.873E-03  4.222E-11  0.000E+00  0.000E+00  1.931E-02
       61100  1.092115E+03  3.873E-03  4.222E-11  0.000E+00  0.000E+00  1.931E-02
       61200  1.092502E+03  3.873E-03  4.222E-11  0.000E+00  0.000E+00  1.931E-02
       61300  1.092890E+03  3.873E-03  4.222E-11  0.000E+00  0.000E+00  1.931E-02
       61400  1.093277E+03  3.873E-03  4.222E-11  0.000E+00  0.000E+00  1.931E-02
       61500  1.093664E+03  3.873E-03  4.222E-11  0.000E+00  0.000E+00  1.932E-02
       61600  1.094052E+03  3.873E-03  4.222E-11  0.000E+00  0.000E+00  1.932E-02
       61700  1.094439E+03  3.873E-03  4.222E-11  0.000E+00  0.000E+00  1.932E-02
       61800  1.094826E+03  3.873E-03  4.222E-11  0.000E+00  0.000E+00  1.932E-02
       61900  1.095214E+03  3.873E-03  4.222E-11  0.000E+00  0.000E+00  1.932E-02
       62000  1.095601E+03  3.873E-03  4.222E-11  0.000E+00  0.000E+00  1.932E-02
       62100  1.095988E+03  3.873E-03  4.222E-11  0.000E+00  0.000E+00  1.933E-02
       62200  1.096376E+03  3.873E-03  4.222E-11  0.000E+00  0.000E+00  1.933E-02
       62300  1.096763E+03  3.873E-03  4.222E-11  0.000E+00  0.000E+00  1.933E-02
       62400  1.097150E+03  3.873E-03  4.222E-11  0.000E+00  0.000E+00  1.933E-02
       62500  1.097538E+03  3.873E-03  4.222E-11  0.000E+00  0.000E+00  1.933E-02
       62600  1.097925E+03  3.873E-03  4.222E-11  0.000E+00  0.000E+00  1.934E-02
       62700  1.098312E+03  3.873E-03  4.222E-11  0.000E+00  0.000E+00  1.934E-02
       62800  1.098700E+03  3.873E-03  4.222E-11  0.000E+00  0.000E+00  1.934E-02
       62900  1.099087E+03  3.873E-03  4.222E-11  0.000E+00  0.000E+00  1.934E-02
       63000  1.099474E+03  3.873E-03  4.222E-11  0.000E+00  0.000E+00  1.934E-02
       63100  1.099862E+03  3.873E-03  4.222E-11  0.000E+00  0.000E+00  1.934E-02
       63200  1.100249E+03  3.873E-03  4.222E-11  0.000E+00  0.000E+00  1.935E-02
       63300  1.100636E+03  3.873E-03  4.222E-11  0.000E+00  0.000E+00  1.935E-02
       63400  1.101024E+03  3.873E-03  4.222E-11  0.000E+00  0.000E+00  1.935E-02
       63500  1.101411E+03  3.873E-03  4.222E-11  0.000E+00  0.000E+00  1.935E-02
       63600  1.101798E+03  3.873E-03  4.222E-11  0.000E+00  0.000E+00  1.935E-02
       63700  1.102186E+03  3.873E-03  4.222E-11  0.000E+00  0.000E+00  1.935E-02
       63800  1.102573E+03  3.873E-03  4.222E-11  0.000E+00  0.000E+00  1.936E-02
       63900  1.102961E+03  3.873E-03  4.222E-11  0.000E+00  0.000E+00  1.936E-02
       64000  1.103348E+03  3.873E-03  4.222E-11  0.000E+00  0.000E+00  1.936E-02
       64100  1.103735E+03  3.873E-03  4.222E-11  0.000E+00  0.000E+00  1.936E-02
       64200  1.104123E+03  3.873E-03  4.222E-11  0.000E+00  0.000E+00  1.936E-02
       64300  1.104510E+03  3.873E-03  4.222E-11  0.000E+00  0.000E+00  1.936E-02
       64400  1.104897E+03  3.873E-03  4.222E-11  0.000E+00  0.000E+00  1.937E-02
       64500  1.105285E+03  3.873E-03  4.222E-11  0.000E+00  0.000E+00  1.937E-02
       64600  1.105672E+03  3.873E-03  4.222E-11  0.000E+00  0.000E+00  1.937E-02
       64700  1.106059E+03  3.873E-03  4.222E-11  0.000E+00  0.000E+00  1.937E-02
       64800  1.106447E+03  3.873E-03  4.222E-11  0.000E+00  0.000E+00  1.937E-02
       64900  1.106834E+03  3.873E-03  4.222E-11  0.000E+00  0.000E+00  1.938E-02
       65000  1.107221E+03  3.873E-03  4.222E-11  0.000E+00  0.000E+00  1.938E-02
       65100  1.107609E+03  3.873E-03  4.222E-11  0.000E+00  0.000E+00  1.938E-02
       65200  1.107996E+03  3.873E-03  4.222E-11  0.000E+00  0.000E+00  1.938E-02
       65300  1.108383E+03  3.873E-03  4.222E-11  0.000E+00  0.000E+00  1.938E-02
       65400  1.108771E+03  3.873E-03  4.222E-11  0.000E+00  0.000E+00  1.938E-02
       65500  1.109158E+03  3.873E-03  4.222E-11  0.000E+00  0.000E+00  1.939E-02
       65600  1.109545E+03  3.873E-03  4.222E-11  0.000E+00  0.000E+00  1.939E-02
       65700  1.109933E+03  3.873E-03  4.222E-11  0.000E+00  0.000E+00  1.939E-02
       65800  1.110320E+03  3.873E-03  4.222E-11  0.000E+00  0.000E+00  1.939E-02
       65900  1.110707E+03  3.873E-03  4.222E-11  0.000E+00  0.000E+00  1.939E-02
       66000  1.111095E+03  3.873E-03  4.222E-11  0.000E+00  0.000E+00  1.939E-02
       66100  1.111482E+03  3.873E-03  4.222E-11  0.000E+00  0.000E+00  1.940E-02
       66200  1.111869E+03  3.873E-03  4.222E-11  0.000E+00  0.000E+00  1.940E-02
       66300  1.112257E+03  3.873E-03  4.222E-11  0.000E+00  0.000E+00  1.940E-02
       66400  1.112644E+03  3.873E-03  4.222E-11  0.000E+00  0.000E+00  1.940E-02
       66500  1.113031E+03  3.873E-03  4.222E-11  0.000E+00  0.000E+00  1.940E-02
       66600  1.113419E+03  3.873E-03  4.222E-11  0.000E+00  0.000E+00  1.941E-02
       66700  1.113806E+03  3.873E-03  4.222E-11  0.000E+00  0.000E+00  1.941E-02
       66800  1.114193E+03  3.873E-03  4.222E-11  0.000E+00  0.000E+00  1.941E-02
       66900  1.114581E+03  3.873E-03  4.222E-11  0.000E+00  0.000E+00  1.941E-02
       67000  1.114968E+03  3.873E-03  4.222E-11  0.000E+00  0.000E+00  1.941E-02
       67100  1.115355E+03  3.873E-03  4.222E-11  0.000E+00  0.000E+00  1.941E-02
       67200  1.115743E+03  3.873E-03  4.222E-11  0.000E+00  0.000E+00  1.942E-02
       67300  1.116130E+03  3.873E-03  4.222E-11  0.000E+00  0.000E+00  1.942E-02
       67400  1.116518E+03  3.873E-03  4.222E-11  0.000E+00  0.000E+00  1.942E-02
       67500  1.116905E+03  3.873E-03  4.222E-11  0.000E+00  0.000E+00  1.942E-02
       67600  1.117292E+03  3.873E-03  4.222E-11  0.000E+00  0.000E+00  1.942E-02
       67700  1.117680E+03  3.873E-03  4.222E-11  0.000E+00  0.000E+00  1.942E-02
       67800  1.118067E+03  3.873E-03  4.222E-11  0.000E+00  0.000E+00  1.943E-02
       67900  1.118454E+03  3.873E-03  4.222E-11  0.000E+00  0.000E+00  1.943E-02
       68000  1.118842E+03  3.873E-03  4.222E-11  0.000E+00  0.000E+00  1.943E-02
       68100  1.119229E+03  3.873E-03  4.222E-11  0.000E+00  0.000E+00  1.943E-02
       68200  1.119616E+03  3.873E-03  4.222E-11  0.000E+00  0.000E+00  1.943E-02
       68300  1.120004E+03  3.873E-03  4.222E-11  0.000E+00  0.000E+00  1.943E-02
       68400  1.120391E+03  3.873E-03  4.222E-11  0.000E+00  0.000E+00  1.944E-02
       68500  1.120778E+03  3.873E-03  4.222E-11  0.000E+00  0.000E+00  1.944E-02
       68600  1.121166E+03  3.873E-03  4.222E-11  0.000E+00  0.000E+00  1.944E-02
       68700  1.121553E+03  3.873E-03  4.222E-11  0.000E+00  0.000E+00  1.944E-02
       68800  1.121940E+03  3.873E-03  4.222E-11  0.000E+00  0.000E+00  1.944E-02
       68900  1.122328E+03  3.873E-03  4.222E-11  0.000E+00  0.000E+00  1.945E-02
       69000  1.122715E+03  3.873E-03  4.222E-11  0.000E+00  0.000E+00  1.945E-02
       69100  1.123102E+03  3.873E-03  4.222E-11  0.000E+00  0.000E+00  1.945E-02
       69200  1.123490E+03  3.873E-03  4.222E-11  0.000E+00  0.000E+00  1.945E-02
       69300  1.123877E+03  3.873E-03  4.222E-11  0.000E+00  0.000E+00  1.945E-02
       69400  1.124264E+03  3.873E-03  4.222E-11  0.000E+00  0.000E+00  1.945E-02
       69500  1.124652E+03  3.873E-03  4.222E-11  0.000E+00  0.000E+00  1.946E-02
       69600  1.125039E+03  3.873E-03  4.222E-11  0.000E+00  0.000E+00  1.946E-02
       69700  1.125426E+03  3.873E-03  4.222E-11  0.000E+00  0.000E+00  1.946E-02
       69800  1.125814E+03  3.873E-03  4.222E-11  0.000E+00  0.000E+00  1.946E-02
       69900  1.126201E+03  3.873E-03  4.222E-11  0.000E+00  0.000E+00  1.946E-02
       70000  1.126588E+03  3.873E-03  4.222E-11  0.000E+00  0.000E+00  1.946E-02
       70100  1.126976E+03  3.873E-03  4.222E-11  0.000E+00  0.000E+00  1.947E-02
       70200  1.127363E+03  3.873E-03  4.222E-11  0.000E+00  0.000E+00  1.947E-02
       70300  1.127750E+03  3.873E-03  4.222E-11  0.000E+00  0.000E+00  1.947E-02
       70400  1.128138E+03  3.873E-03  4.222E-11  0.000E+00  0.000E+00  1.947E-02
       70500  1.128525E+03  3.873E-03  4.222E-11  0.000E+00  0.000E+00  1.947E-02
       70600  1.128913E+03  3.873E-03  4.222E-11  0.000E+00  0.000E+00  1.947E-02
       70700  1.129300E+03  3.873E-03  4.222E-11  0.000E+00  0.000E+00  1.948E-02
       70800  1.129687E+03  3.873E-03  4.222E-11  0.000E+00  0.000E+00  1.948E-02
       70900  1.130075E+03  3.873E-03  4.222E-11  0.000E+00  0.000E+00  1.948E-02
       71000  1.130462E+03  3.873E-03  4.222E-11  0.000E+00  0.000E+00  1.948E-02
       71100  1.130849E+03  3.873E-03  4.222E-11  0.000E+00  0.000E+00  1.948E-02
       71200  1.131237E+03  3.873E-03  4.222E-11  0.000E+00  0.000E+00  1.949E-02
       71300  1.131624E+03  3.873E-03  4.222E-11  0.000E+00  0.000E+00  1.949E-02
       71400  1.132011E+03  3.873E-03  4.222E-11  0.000E+00  0.000E+00  1.949E-02
       71500  1.132399E+03  3.873E-03  4.222E-11  0.000E+00  0.000E+00  1.949E-02
       71600  1.132786E+03  3.873E-03  4.222E-11  0.000E+00  0.000E+00  1.949E-02
       71700  1.133173E+03  3.873E-03  4.222E-11  0.000E+00  0.000E+00  1.949E-02
       71800  1.133561E+03  3.873E-03  4.222E-11  0.000E+00  0.000E+00  1.950E-02
       71900  1.133948E+03  3.873E-03  4.222E-11  0.000E+00  0.000E+00  1.950E-02
       72000  1.134335E+03  3.873E-03  4.222E-11  0.000E+00  0.000E+00  1.950E-02
       72100  1.134723E+03  3.873E-03  4.222E-11  0.000E+00  0.000E+00  1.950E-02
       72200  1.135110E+03  3.873E-03  4.222E-11  0.000E+00  0.000E+00  1.950E-02
       72300  1.135497E+03  3.873E-03  4.222E-11  0.000E+00  0.000E+00  1.950E-02
       72400  1.135885E+03  3.873E-03  4.222E-11  0.000E+00  0.000E+00  1.951E-02
       72500  1.136272E+03  3.873E-03  4.222E-11  0.000E+00  0.000E+00  1.951E-02
       72600  1.136659E+03  3.873E-03  4.222E-11  0.000E+00  0.000E+00  1.951E-02
       72700  1.137047E+03  3.873E-03  4.222E-11  0.000E+00  0.000E+00  1.951E-02
       72800  1.137434E+03  3.873E-03  4.222E-11  0.000E+00  0.000E+00  1.951E-02
       72900  1.137821E+03  3.873E-03  4.222E-11  0.000E+00  0.000E+00  1.951E-02
       73000  1.138209E+03  3.873E-03  4.222E-11  0.000E+00  0.000E+00  1.952E-02
       73100  1.138596E+03  3.873E-03  4.222E-11  0.000E+00  0.000E+00  1.952E-02
       73200  1.138983E+03  3.873E-03  4.222E-11  0.000E+00  0.000E+00  1.952E-02
       73300  1.139371E+03  3.873E-03  4.222E-11  0.000E+00  0.000E+00  1.952E-02
       73400  1.139758E+03  3.873E-03  4.222E-11  0.000E+00  0.000E+00  1.952E-02
       73500  1.140145E+03  3.873E-03  4.222E-11  0.000E+00  0.000E+00  1.953E-02
       73600  1.140533E+03  3.873E-03  4.222E-11  0.000E+00  0.000E+00  1.953E-02
       73700  1.140920E+03  3.873E-03  4.222E-11  0.000E+00  0.000E+00  1.953E-02
       73800  1.141308E+03  3.873E-03  4.222E-11  0.000E+00  0.000E+00  1.953E-02
       73900  1.141695E+03  3.873E-03  4.222E-11  0.000E+00  0.000E+00  1.953E-02
       74000  1.142082E+03  3.873E-03  4.222E-11  0.000E+00  0.000E+00  1.953E-02
       74100  1.142470E+03  3.873E-03  4.222E-11  0.000E+00  0.000E+00  1.954E-02
       74200  1.142857E+03  3.873E-03  4.222E-11  0.000E+00  0.000E+00  1.954E-02
       74300  1.143244E+03  3.873E-03  4.222E-11  0.000E+00  0.000E+00  1.954E-02
       74400  1.143632E+03  3.873E-03  4.222E-11  0.000E+00  0.000E+00  1.954E-02
       74500  1.144019E+03  3.873E-03  4.222E-11  0.000E+00  0.000E+00  1.954E-02
       74600  1.144406E+03  3.873E-03  4.222E-11  0.000E+00  0.000E+00  1.954E-02
       74700  1.144794E+03  3.873E-03  4.222E-11  0.000E+00  0.000E+00  1.955E-02
       74800  1.145181E+03  3.873E-03  4.222E-11  0.000E+00  0.000E+00  1.955E-02
       74900  1.145568E+03  3.873E-03  4.222E-11  0.000E+00  0.000E+00  1.955E-02
       75000  1.145956E+03  3.873E-03  4.222E-11  0.000E+00  0.000E+00  1.955E-02
       75100  1.146343E+03  3.873E-03  4.222E-11  0.000E+00  0.000E+00  1.955E-02
       75200  1.146730E+03  3.873E-03  4.222E-11  0.000E+00  0.000E+00  1.956E-02
       75300  1.147118E+03  3.873E-03  4.222E-11  0.000E+00  0.000E+00  1.956E-02
       75400  1.147505E+03  3.873E-03  4.222E-11  0.000E+00  0.000E+00  1.956E-02
       75500  1.147892E+03  3.873E-03  4.222E-11  0.000E+00  0.000E+00  1.956E-02
       75600  1.148280E+03  3.873E-03  4.222E-11  0.000E+00  0.000E+00  1.956E-02
       75700  1.148667E+03  3.873E-03  4.222E-11  0.000E+00  0.000E+00  1.956E-02
       75800  1.149054E+03  3.873E-03  4.222E-11  0.000E+00  0.000E+00  1.957E-02
       75900  1.149442E+03  3.873E-03  4.222E-11  0.000E+00  0.000E+00  1.957E-02
       76000  1.149829E+03  3.873E-03  4.222E-11  0.000E+00  0.000E+00  1.957E-02
       76100  1.150216E+03  3.873E-03  4.222E-11  0.000E+00  0.000E+00  1.957E-02
       76200  1.150604E+03  3.873E-03  4.222E-11  0.000E+00  0.000E+00  1.957E-02
       76300  1.150991E+03  3.873E-03  4.222E-11  0.000E+00  0.000E+00  1.957E-02
       76400  1.151378E+03  3.873E-03  4.222E-11  0.000E+00  0.000E+00  1.958E-02
       76500  1.151766E+03  3.873E-03  4.222E-11  0.000E+00  0.000E+00  1.958E-02
       76600  1.152153E+03  3.873E-03  4.222E-11  0.000E+00  0.000E+00  1.958E-02
       76700  1.152540E+03  3.873E-03  4.222E-11  0.000E+00  0.000E+00  1.958E-02
       76800  1.152928E+03  3.873E-03  4.222E-11  0.000E+00  0.000E+00  1.958E-02
       76900  1.153315E+03  3.873E-03  4.222E-11  0.000E+00  0.000E+00  1.958E-02
       77000  1.153703E+03  3.873E-03  4.222E-11  0.000E+00  0.000E+00  1.959E-02
       77100  1.154090E+03  3.873E-03  4.222E-11  0.000E+00  0.000E+00  1.959E-02
       77200  1.154477E+03  3.873E-03  4.222E-11  0.000E+00  0.000E+00  1.959E-02
       77300  1.154865E+03  3.873E-03  4.222E-11  0.000E+00  0.000E+00  1.959E-02
       77400  1.155252E+03  3.873E-03  4.222E-11  0.000E+00  0.000E+00  1.959E-02
       77500  1.155639E+03  3.873E-03  4.222E-11  0.000E+00  0.000E+00  1.960E-02
       77600  1.156027E+03  3.873E-03  4.222E-11  0.000E+00  0.000E+00  1.960E-02
       77700  1.156414E+03  3.873E-03  4.222E-11  0.000E+00  0.000E+00  1.960E-02
       77800  1.156801E+03  3.873E-03  4.222E-11  0.000E+00  0.000E+00  1.960E-02
       77900  1.157189E+03  3.873E-03  4.222E-11  0.000E+00  0.000E+00  1.960E-02
       78000  1.157576E+03  3.873E-03  4.222E-11  0.000E+00  0.000E+00  1.960E-02
       78100  1.157963E+03  3.873E-03  4.222E-11  0.000E+00  0.000E+00  1.961E-02
       78200  1.158351E+03  3.873E-03  4.222E-11  0.000E+00  0.000E+00  1.961E-02
       78300  1.158738E+03  3.873E-03  4.222E-11  0.000E+00  0.000E+00  1.961E-02
       78400  1.159125E+03  3.873E-03  4.222E-11  0.000E+00  0.000E+00  1.961E-02
       78500  1.159513E+03  3.873E-03  4.222E-11  0.000E+00  0.000E+00  1.961E-02
       78600  1.159900E+03  3.873E-03  4.222E-11  0.000E+00  0.000E+00  1.961E-02
       78700  1.160287E+03  3.873E-03  4.222E-11  0.000E+00  0.000E+00  1.962E-02
       78800  1.160675E+03  3.873E-03  4.222E-11  0.000E+00  0.000E+00  1.962E-02
       78900  1.161062E+03  3.873E-03  4.222E-11  0.000E+00  0.000E+00  1.962E-02
       79000  1.161449E+03  3.873E-03  4.222E-11  0.000E+00  0.000E+00  1.962E-02
       79100  1.161837E+03  3.873E-03  4.222E-11  0.000E+00  0.000E+00  1.962E-02
       79200  1.162224E+03  3.873E-03  4.222E-11  0.000E+00  0.000E+00  1.962E-02
       79300  1.162611E+03  3.873E-03  4.222E-11  0.000E+00  0.000E+00  1.963E-02
       79400  1.162999E+03  3.873E-03  4.222E-11  0.000E+00  0.000E+00  1.963E-02
       79500  1.163386E+03  3.873E-03  4.222E-11  0.000E+00  0.000E+00  1.963E-02
       79600  1.163773E+03  3.873E-03  4.222E-11  0.000E+00  0.000E+00  1.963E-02
       79700  1.164161E+03  3.873E-03  4.222E-11  0.000E+00  0.000E+00  1.963E-02
       79800  1.164548E+03  3.873E-03  4.222E-11  0.000E+00  0.000E+00  1.964E-02
       79900  1.164935E+03  3.873E-03  4.222E-11  0.000E+00  0.000E+00  1.964E-02
       80000  1.165323E+03  3.873E-03  4.222E-11  0.000E+00  0.000E+00  1.964E-02
       80100  1.165710E+03  3.873E-03  4.222E-11  0.000E+00  0.000E+00  1.964E-02
       80200  1.166097E+03  3.873E-03  4.222E-11  0.000E+00  0.000E+00  1.964E-02
       80300  1.166485E+03  3.873E-03  4.222E-11  0.000E+00  0.000E+00  1.964E-02
       80400  1.166872E+03  3.873E-03  4.222E-11  0.000E+00  0.000E+00  1.965E-02
       80500  1.167260E+03  3.873E-03  4.222E-11  0.000E+00  0.000E+00  1.965E-02
       80600  1.167647E+03  3.873E-03  4.222E-11  0.000E+00  0.000E+00  1.965E-02
       80700  1.168034E+03  3.873E-03  4.222E-11  0.000E+00  0.000E+00  1.965E-02
       80800  1.168422E+03  3.873E-03  4.222E-11  0.000E+00  0.000E+00  1.965E-02
       80900  1.168809E+03  3.873E-03  4.222E-11  0.000E+00  0.000E+00  1.965E-02
       81000  1.169196E+03  3.873E-03  4.222E-11  0.000E+00  0.000E+00  1.966E-02
       81100  1.169584E+03  3.873E-03  4.222E-11  0.000E+00  0.000E+00  1.966E-02
       81200  1.169971E+03  3.873E-03  4.222E-11  0.000E+00  0.000E+00  1.966E-02
       81300  1.170358E+03  3.873E-03  4.222E-11  0.000E+00  0.000E+00  1.966E-02
       81400  1.170746E+03  3.873E-03  4.222E-11  0.000E+00  0.000E+00  1.966E-02
       81500  1.171133E+03  3.873E-03  4.222E-11  0.000E+00  0.000E+00  1.967E-02
       81600  1.171520E+03  3.873E-03  4.222E-11  0.000E+00  0.000E+00  1.967E-02
       81700  1.171908E+03  3.873E-03  4.222E-11  0.000E+00  0.000E+00  1.967E-02
       81800  1.172295E+03  3.873E-03  4.222E-11  0.000E+00  0.000E+00  1.967E-02
       81900  1.172682E+03  3.873E-03  4.222E-11  0.000E+00  0.000E+00  1.967E-02
       82000  1.173070E+03  3.873E-03  4.222E-11  0.000E+00  0.000E+00  1.967E-02
       82100  1.173457E+03  3.873E-03  4.222E-11  0.000E+00  0.000E+00  1.968E-02
       82200  1.173844E+03  3.873E-03  4.222E-11  0.000E+00  0.000E+00  1.968E-02
       82300  1.174232E+03  3.873E-03  4.222E-11  0.000E+00  0.000E+00  1.968E-02
       82400  1.174619E+03  3.873E-03  4.222E-11  0.000E+00  0.000E+00  1.968E-02
       82500  1.175006E+03  3.873E-03  4.222E-11  0.000E+00  0.000E+00  1.968E-02
       82600  1.175394E+03  3.873E-03  4.222E-11  0.000E+00  0.000E+00  1.968E-02
       82700  1.175781E+03  3.873E-03  4.222E-11  0.000E+00  0.000E+00  1.969E-02
       82800  1.176168E+03  3.873E-03  4.222E-11  0.000E+00  0.000E+00  1.969E-02
       82900  1.176556E+03  3.873E-03  4.222E-11  0.000E+00  0.000E+00  1.969E-02
       83000  1.176943E+03  3.873E-03  4.222E-11  0.000E+00  0.000E+00  1.969E-02
       83100  1.177330E+03  3.873E-03  4.222E-11  0.000E+00  0.000E+00  1.969E-02
       83200  1.177718E+03  3.873E-03  4.222E-11  0.000E+00  0.000E+00  1.969E-02
       83300  1.178105E+03  3.873E-03  4.222E-11  0.000E+00  0.000E+00  1.970E-02
       83400  1.178492E+03  3.873E-03  4.222E-11  0.000E+00  0.000E+00  1.970E-02
       83500  1.178880E+03  3.873E-03  4.222E-11  0.000E+00  0.000E+00  1.970E-02
       83600  1.179267E+03  3.873E-03  4.222E-11  0.000E+00  0.000E+00  1.970E-02
       83700  1.179655E+03  3.873E-03  4.222E-11  0.000E+00  0.000E+00  1.970E-02
       83800  1.180042E+03  3.873E-03  4.222E-11  0.000E+00  0.000E+00  1.971E-02
       83900  1.180429E+03  3.873E-03  4.222E-11  0.000E+00  0.000E+00  1.971E-02
       84000  1.180817E+03  3.873E-03  4.222E-11  0.000E+00  0.000E+00  1.971E-02
       84100  1.181204E+03  3.873E-03  4.222E-11  0.000E+00  0.000E+00  1.971E-02
       84200  1.181591E+03  3.873E-03  4.222E-11  0.000E+00  0.000E+00  1.971E-02
       84300  1.181979E+03  3.873E-03  4.222E-11  0.000E+00  0.000E+00  1.971E-02
       84400  1.182366E+03  3.873E-03  4.222E-11  0.000E+00  0.000E+00  1.972E-02
       84500  1.182753E+03  3.873E-03  4.222E-11  0.000E+00  0.000E+00  1.972E-02
       84600  1.183141E+03  3.873E-03  4.222E-11  0.000E+00  0.000E+00  1.972E-02
       84700  1.183528E+03  3.873E-03  4.222E-11  0.000E+00  0.000E+00  1.972E-02
       84800  1.183915E+03  3.873E-03  4.222E-11  0.000E+00  0.000E+00  1.972E-02
       84900  1.184303E+03  3.873E-03  4.222E-11  0.000E+00  0.000E+00  1.972E-02
       85000  1.184690E+03  3.873E-03  4.222E-11  0.000E+00  0.000E+00  1.973E-02
       85100  1.185077E+03  3.873E-03  4.222E-11  0.000E+00  0.000E+00  1.973E-02
       85200  1.185465E+03  3.873E-03  4.222E-11  0.000E+00  0.000E+00  1.973E-02
       85300  1.185852E+03  3.873E-03  4.222E-11  0.000E+00  0.000E+00  1.973E-02
       85400  1.186239E+03  3.873E-03  4.222E-11  0.000E+00  0.000E+00  1.973E-02
       85500  1.186627E+03  3.873E-03  4.222E-11  0.000E+00  0.000E+00  1.973E-02
       85600  1.187014E+03  3.873E-03  4.222E-11  0.000E+00  0.000E+00  1.974E-02
       85700  1.187401E+03  3.873E-03  4.222E-11  0.000E+00  0.000E+00  1.974E-02
       85800  1.187789E+03  3.873E-03  4.222E-11  0.000E+00  0.000E+00  1.974E-02
       85900  1.188176E+03  3.873E-03  4.222E-11  0.000E+00  0.000E+00  1.974E-02
       86000  1.188563E+03  3.873E-03  4.222E-11  0.000E+00  0.000E+00  1.974E-02
       86100  1.188951E+03  3.873E-03  4.222E-11  0.000E+00  0.000E+00  1.975E-02
       86200  1.189338E+03  3.873E-03  4.222E-11  0.000E+00  0.000E+00  1.975E-02
       86300  1.189725E+03  3.873E-03  4.222E-11  0.000E+00  0.000E+00  1.975E-02
       86400  1.190113E+03  3.873E-03  4.222E-11  0.000E+00  0.000E+00  1.975E-02
       86500  1.190500E+03  3.873E-03  4.222E-11  0.000E+00  0.000E+00  1.975E-02
       86600  1.190887E+03  3.873E-03  4.222E-11  0.000E+00  0.000E+00  1.975E-02
       86700  1.191275E+03  3.873E-03  4.222E-11  0.000E+00  0.000E+00  1.976E-02
       86800  1.191662E+03  3.873E-03  4.222E-11  0.000E+00  0.000E+00  1.976E-02
       86900  1.192050E+03  3.873E-03  4.222E-11  0.000E+00  0.000E+00  1.976E-02
       87000  1.192437E+03  3.873E-03  4.222E-11  0.000E+00  0.000E+00  1.976E-02
       87100  1.192824E+03  3.873E-03  4.222E-11  0.000E+00  0.000E+00  1.976E-02
       87200  1.193212E+03  3.873E-03  4.222E-11  0.000E+00  0.000E+00  1.976E-02
       87300  1.193599E+03  3.873E-03  4.222E-11  0.000E+00  0.000E+00  1.977E-02
       87400  1.193986E+03  3.873E-03  4.222E-11  0.000E+00  0.000E+00  1.977E-02
       87500  1.194374E+03  3.873E-03  4.222E-11  0.000E+00  0.000E+00  1.977E-02
       87600  1.194761E+03  3.873E-03  4.222E-11  0.000E+00  0.000E+00  1.977E-02
       87700  1.195148E+03  3.873E-03  4.222E-11  0.000E+00  0.000E+00  1.977E-02
       87800  1.195536E+03  3.873E-03  4.222E-11  0.000E+00  0.000E+00  1.977E-02
       87900  1.195923E+03  3.873E-03  4.222E-11  0.000E+00  0.000E+00  1.978E-02
       88000  1.196310E+03  3.873E-03  4.222E-11  0.000E+00  0.000E+00  1.978E-02
       88100  1.196698E+03  3.873E-03  4.222E-11  0.000E+00  0.000E+00  1.978E-02
       88200  1.197085E+03  3.873E-03  4.222E-11  0.000E+00  0.000E+00  1.978E-02
       88300  1.197472E+03  3.873E-03  4.222E-11  0.000E+00  0.000E+00  1.978E-02
       88400  1.197860E+03  3.873E-03  4.222E-11  0.000E+00  0.000E+00  1.979E-02
       88500  1.198247E+03  3.873E-03  4.222E-11  0.000E+00  0.000E+00  1.979E-02
       88600  1.198634E+03  3.873E-03  4.222E-11  0.000E+00  0.000E+00  1.979E-02
       88700  1.199022E+03  3.873E-03  4.222E-11  0.000E+00  0.000E+00  1.979E-02
       88800  1.199409E+03  3.873E-03  4.222E-11  0.000E+00  0.000E+00  1.979E-02
       88900  1.199796E+03  3.873E-03  4.222E-11  0.000E+00  0.000E+00  1.979E-02
       89000  1.200184E+03  3.873E-03  4.222E-11  0.000E+00  0.000E+00  1.980E-02
       89100  1.200571E+03  3.873E-03  4.222E-11  0.000E+00  0.000E+00  1.980E-02
       89200  1.200958E+03  3.873E-03  4.222E-11  0.000E+00  0.000E+00  1.980E-02
       89300  1.201346E+03  3.873E-03  4.222E-11  0.000E+00  0.000E+00  1.980E-02
       89400  1.201733E+03  3.873E-03  4.222E-11  0.000E+00  0.000E+00  1.980E-02
       89500  1.202120E+03  3.873E-03  4.222E-11  0.000E+00  0.000E+00  1.980E-02
       89600  1.202508E+03  3.873E-03  4.222E-11  0.000E+00  0.000E+00  1.981E-02
       89700  1.202895E+03  3.873E-03  4.222E-11  0.000E+00  0.000E+00  1.981E-02
       89800  1.203282E+03  3.873E-03  4.222E-11  0.000E+00  0.000E+00  1.981E-02
       89900  1.203670E+03  3.873E-03  4.222E-11  0.000E+00  0.000E+00  1.981E-02
       90000  1.204057E+03  3.873E-03  4.222E-11  0.000E+00  0.000E+00  1.981E-02
       90100  1.204445E+03  3.873E-03  4.222E-11  0.000E+00  0.000E+00  1.982E-02
       90200  1.204832E+03  3.873E-03  4.222E-11  0.000E+00  0.000E+00  1.982E-02
       90300  1.205219E+03  3.873E-03  4.222E-11  0.000E+00  0.000E+00  1.982E-02
       90400  1.205607E+03  3.873E-03  4.222E-11  0.000E+00  0.000E+00  1.982E-02
       90500  1.205994E+03  3.873E-03  4.222E-11  0.000E+00  0.000E+00  1.982E-02
       90600  1.206381E+03  3.873E-03  4.222E-11  0.000E+00  0.000E+00  1.982E-02
       90700  1.206769E+03  3.873E-03  4.222E-11  0.000E+00  0.000E+00  1.983E-02
       90800  1.207156E+03  3.873E-03  4.222E-11  0.000E+00  0.000E+00  1.983E-02
       90900  1.207543E+03  3.873E-03  4.222E-11  0.000E+00  0.000E+00  1.983E-02
       91000  1.207931E+03  3.873E-03  4.222E-11  0.000E+00  0.000E+00  1.983E-02
       91100  1.208318E+03  3.873E-03  4.222E-11  0.000E+00  0.000E+00  1.983E-02
       91200  1.208705E+03  3.873E-03  4.222E-11  0.000E+00  0.000E+00  1.983E-02
       91300  1.209093E+03  3.873E-03  4.222E-11  0.000E+00  0.000E+00  1.984E-02
       91400  1.209480E+03  3.873E-03  4.222E-11  0.000E+00  0.000E+00  1.984E-02
       91500  1.209867E+03  3.873E-03  4.222E-11  0.000E+00  0.000E+00  1.984E-02
       91600  1.210255E+03  3.873E-03  4.222E-11  0.000E+00  0.000E+00  1.984E-02
       91700  1.210642E+03  3.873E-03  4.222E-11  0.000E+00  0.000E+00  1.984E-02
       91800  1.211029E+03  3.873E-03  4.222E-11  0.000E+00  0.000E+00  1.984E-02
       91900  1.211417E+03  3.873E-03  4.222E-11  0.000E+00  0.000E+00  1.985E-02
       92000  1.211804E+03  3.873E-03  4.222E-11  0.000E+00  0.000E+00  1.985E-02
       92100  1.212191E+03  3.873E-03  4.222E-11  0.000E+00  0.000E+00  1.985E-02
       92200  1.212579E+03  3.873E-03  4.222E-11  0.000E+00  0.000E+00  1.985E-02
       92300  1.212966E+03  3.873E-03  4.222E-11  0.000E+00  0.000E+00  1.985E-02
       92400  1.213353E+03  3.873E-03  4.222E-11  0.000E+00  0.000E+00  1.986E-02
       92500  1.213741E+03  3.873E-03  4.222E-11  0.000E+00  0.000E+00  1.986E-02
       92600  1.214128E+03  3.873E-03  4.222E-11  0.000E+00  0.000E+00  1.986E-02
       92700  1.214515E+03  3.873E-03  4.222E-11  0.000E+00  0.000E+00  1.986E-02
       92800  1.214903E+03  3.873E-03  4.222E-11  0.000E+00  0.000E+00  1.986E-02
       92900  1.215290E+03  3.873E-03  4.222E-11  0.000E+00  0.000E+00  1.986E-02
       93000  1.215677E+03  3.873E-03  4.222E-11  0.000E+00  0.000E+00  1.987E-02
       93100  1.216065E+03  3.873E-03  4.222E-11  0.000E+00  0.000E+00  1.987E-02
       93200  1.216452E+03  3.873E-03  4.222E-11  0.000E+00  0.000E+00  1.987E-02
       93300  1.216839E+03  3.873E-03  4.222E-11  0.000E+00  0.000E+00  1.987E-02
       93400  1.217227E+03  3.873E-03  4.222E-11  0.000E+00  0.000E+00  1.987E-02
       93500  1.217614E+03  3.873E-03  4.222E-11  0.000E+00  0.000E+00  1.987E-02
       93600  1.218002E+03  3.873E-03  4.222E-11  0.000E+00  0.000E+00  1.988E-02
       93700  1.218389E+03  3.873E-03  4.222E-11  0.000E+00  0.000E+00  1.988E-02
       93800  1.218776E+03  3.873E-03  4.222E-11  0.000E+00  0.000E+00  1.988E-02
       93900  1.219164E+03  3.873E-03  4.222E-11  0.000E+00  0.000E+00  1.988E-02
       94000  1.219551E+03  3.873E-03  4.222E-11  0.000E+00  0.000E+00  1.988E-02
       94100  1.219938E+03  3.873E-03  4.222E-11  0.000E+00  0.000E+00  1.988E-02
       94200  1.220326E+03  3.873E-03  4.222E-11  0.000E+00  0.000E+00  1.989E-02
       94300  1.220713E+03  3.873E-03  4.222E-11  0.000E+00  0.000E+00  1.989E-02
       94400  1.221100E+03  3.873E-03  4.222E-11  0.000E+00  0.000E+00  1.989E-02
       94500  1.221488E+03  3.873E-03  4.222E-11  0.000E+00  0.000E+00  1.989E-02
       94600  1.221875E+03  3.873E-03  4.222E-11  0.000E+00  0.000E+00  1.989E-02
       94700  1.222262E+03  3.873E-03  4.222E-11  0.000E+00  0.000E+00  1.990E-02
       94800  1.222650E+03  3.873E-03  4.222E-11  0.000E+00  0.000E+00  1.990E-02
       94900  1.223037E+03  3.873E-03  4.222E-11  0.000E+00  0.000E+00  1.990E-02
       95000  1.223424E+03  3.873E-03  4.222E-11  0.000E+00  0.000E+00  1.990E-02
       95100  1.223812E+03  3.873E-03  4.222E-11  0.000E+00  0.000E+00  1.990E-02
       95200  1.224199E+03  3.873E-03  4.222E-11  0.000E+00  0.000E+00  1.990E-02
       95300  1.224586E+03  3.873E-03  4.222E-11  0.000E+00  0.000E+00  1.991E-02
       95400  1.224974E+03  3.873E-03  4.222E-11  0.000E+00  0.000E+00  1.991E-02
       95500  1.225361E+03  3.873E-03  4.222E-11  0.000E+00  0.000E+00  1.991E-02
       95600  1.225748E+03  3.873E-03  4.222E-11  0.000E+00  0.000E+00  1.991E-02
       95700  1.226136E+03  3.873E-03  4.222E-11  0.000E+00  0.000E+00  1.991E-02
       95800  1.226523E+03  3.873E-03  4.222E-11  0.000E+00  0.000E+00  1.991E-02
       95900  1.226910E+03  3.873E-03  4.222E-11  0.000E+00  0.000E+00  1.992E-02
       96000  1.227298E+03  3.873E-03  4.222E-11  0.000E+00  0.000E+00  1.992E-02
       96100  1.227685E+03  3.873E-03  4.222E-11  0.000E+00  0.000E+00  1.992E-02
       96200  1.228072E+03  3.873E-03  4.222E-11  0.000E+00  0.000E+00  1.992E-02
       96300  1.228460E+03  3.873E-03  4.222E-11  0.000E+00  0.000E+00  1.992E-02
       96400  1.228847E+03  3.873E-03  4.222E-11  0.000E+00  0.000E+00  1.992E-02
       96500  1.229234E+03  3.873E-03  4.222E-11  0.000E+00  0.000E+00  1.993E-02
       96600  1.229622E+03  3.873E-03  4.222E-11  0.000E+00  0.000E+00  1.993E-02
       96700  1.230009E+03  3.873E-03  4.222E-11  0.000E+00  0.000E+00  1.993E-02
       96800  1.230397E+03  3.873E-03  4.222E-11  0.000E+00  0.000E+00  1.993E-02
       96900  1.230784E+03  3.873E-03  4.222E-11  0.000E+00  0.000E+00  1.993E-02
       97000  1.231171E+03  3.873E-03  4.222E-11  0.000E+00  0.000E+00  1.994E-02
       97100  1.231559E+03  3.873E-03  4.222E-11  0.000E+00  0.000E+00  1.994E-02
       97200  1.231946E+03  3.873E-03  4.222E-11  0.000E+00  0.000E+00  1.994E-02
       97300  1.232333E+03  3.873E-03  4.222E-11  0.000E+00  0.000E+00  1.994E-02
       97400  1.232721E+03  3.873E-03  4.222E-11  0.000E+00  0.000E+00  1.994E-02
       97500  1.233108E+03  3.873E-03  4.222E-11  0.000E+00  0.000E+00  1.994E-02
       97600  1.233495E+03  3.873E-03  4.222E-11  0.000E+00  0.000E+00  1.995E-02
       97700  1.233883E+03  3.873E-03  4.222E-11  0.000E+00  0.000E+00  1.995E-02
       97800  1.234270E+03  3.873E-03  4.222E-11  0.000E+00  0.000E+00  1.995E-02
       97900  1.234657E+03  3.873E-03  4.222E-11  0.000E+00  0.000E+00  1.995E-02
       98000  1.235045E+03  3.873E-03  4.222E-11  0.000E+00  0.000E+00  1.995E-02
       98100  1.235432E+03  3.873E-03  4.222E-11  0.000E+00  0.000E+00  1.995E-02
       98200  1.235819E+03  3.873E-03  4.222E-11  0.000E+00  0.000E+00  1.996E-02
       98300  1.236207E+03  3.873E-03  4.222E-11  0.000E+00  0.000E+00  1.996E-02
       98400  1.236594E+03  3.873E-03  4.222E-11  0.000E+00  0.000E+00  1.996E-02
       98500  1.236981E+03  3.873E-03  4.222E-11  0.000E+00  0.000E+00  1.996E-02
       98600  1.237369E+03  3.873E-03  4.222E-11  0.000E+00  0.000E+00  1.996E-02
       98700  1.237756E+03  3.873E-03  4.222E-11  0.000E+00  0.000E+00  1.997E-02
       98800  1.238143E+03  3.873E-03  4.222E-11  0.000E+00  0.000E+00  1.997E-02
       98900  1.238531E+03  3.873E-03  4.222E-11  0.000E+00  0.000E+00  1.997E-02
       99000  1.238918E+03  3.873E-03  4.222E-11  0.000E+00  0.000E+00  1.997E-02
       99100  1.239305E+03  3.873E-03  4.222E-11  0.000E+00  0.000E+00  1.997E-02
       99200  1.239693E+03  3.873E-03  4.222E-11  0.000E+00  0.000E+00  1.997E-02
       99300  1.240080E+03  3.873E-03  4.222E-11  0.000E+00  0.000E+00  1.998E-02
       99400  1.240467E+03  3.873E-03  4.222E-11  0.000E+00  0.000E+00  1.998E-02
       99500  1.240855E+03  3.873E-03  4.222E-11  0.000E+00  0.000E+00  1.998E-02
       99600  1.241242E+03  3.873E-03  4.222E-11  0.000E+00  0.000E+00  1.998E-02
       99700  1.241629E+03  3.873E-03  4.222E-11  0.000E+00  0.000E+00  1.998E-02
       99800  1.242017E+03  3.873E-03  4.222E-11  0.000E+00  0.000E+00  1.998E-02
       99900  1.242404E+03  3.873E-03  4.222E-11  0.000E+00  0.000E+00  1.999E-02
      100000  1.242792E+03  3.873E-03  4.222E-11  0.000E+00  0.000E+00  1.999E-02
      100100  1.243179E+03  3.873E-03  4.222E-11  0.000E+00  0.000E+00  1.999E-02
      100200  1.243566E+03  3.873E-03  4.222E-11  0.000E+00  0.000E+00  1.999E-02
      100300  1.243954E+03  3.873E-03  4.222E-11  0.000E+00  0.000E+00  1.999E-02
      100400  1.244341E+03  3.873E-03  4.222E-11  0.000E+00  0.000E+00  1.999E-02
      100500  1.244728E+03  3.873E-03  4.222E-11  0.000E+00  0.000E+00  2.000E-02
      100600  1.245116E+03  3.873E-03  4.222E-11  0.000E+00  0.000E+00  2.000E-02
      100700  1.245503E+03  3.873E-03  4.222E-11  0.000E+00  0.000E+00  2.000E-02
      100800  1.245890E+03  3.873E-03  4.222E-11  0.000E+00  0.000E+00  2.000E-02
      100900  1.246278E+03  3.873E-03  4.222E-11  0.000E+00  0.000E+00  2.000E-02
      101000  1.246665E+03  3.873E-03  4.222E-11  0.000E+00  0.000E+00  2.001E-02
      101100  1.247052E+03  3.873E-03  4.222E-11  0.000E+00  0.000E+00  2.001E-02
      101200  1.247440E+03  3.873E-03  4.222E-11  0.000E+00  0.000E+00  2.001E-02
      101300  1.247827E+03  3.873E-03  4.222E-11  0.000E+00  0.000E+00  2.001E-02
      101400  1.248214E+03  3.873E-03  4.222E-11  0.000E+00  0.000E+00  2.001E-02
      101500  1.248602E+03  3.873E-03  4.222E-11  0.000E+00  0.000E+00  2.001E-02
      101600  1.248989E+03  3.873E-03  4.222E-11  0.000E+00  0.000E+00  2.002E-02
      101700  1.249376E+03  3.873E-03  4.222E-11  0.000E+00  0.000E+00  2.002E-02
      101800  1.249764E+03  3.873E-03  4.222E-11  0.000E+00  0.000E+00  2.002E-02
      101900  1.250151E+03  3.873E-03  4.222E-11  0.000E+00  0.000E+00  2.002E-02
      102000  1.250538E+03  3.873E-03  4.222E-11  0.000E+00  0.000E+00  2.002E-02
      102100  1.250926E+03  3.873E-03  4.222E-11  0.000E+00  0.000E+00  2.002E-02
      102200  1.251313E+03  3.873E-03  4.222E-11  0.000E+00  0.000E+00  2.003E-02
      102300  1.251700E+03  3.873E-03  4.222E-11  0.000E+00  0.000E+00  2.003E-02
      102400  1.252088E+03  3.873E-03  4.222E-11  0.000E+00  0.000E+00  2.003E-02
      102500  1.252475E+03  3.873E-03  4.222E-11  0.000E+00  0.000E+00  2.003E-02
      102600  1.252862E+03  3.873E-03  4.222E-11  0.000E+00  0.000E+00  2.003E-02
      102700  1.253250E+03  3.873E-03  4.222E-11  0.000E+00  0.000E+00  2.003E-02
      102800  1.253637E+03  3.873E-03  4.222E-11  0.000E+00  0.000E+00  2.004E-02
      102900  1.254024E+03  3.873E-03  4.222E-11  0.000E+00  0.000E+00  2.004E-02
      103000  1.254412E+03  3.873E-03  4.222E-11  0.000E+00  0.000E+00  2.004E-02
      103100  1.254799E+03  3.873E-03  4.222E-11  0.000E+00  0.000E+00  2.004E-02
      103200  1.255187E+03  3.873E-03  4.222E-11  0.000E+00  0.000E+00  2.004E-02
      103300  1.255574E+03  3.873E-03  4.222E-11  0.000E+00  0.000E+00  2.005E-02
      103400  1.255961E+03  3.873E-03  4.222E-11  0.000E+00  0.000E+00  2.005E-02
      103500  1.256349E+03  3.873E-03  4.222E-11  0.000E+00  0.000E+00  2.005E-02
      103600  1.256736E+03  3.873E-03  4.222E-11  0.000E+00  0.000E+00  2.005E-02
      103700  1.257123E+03  3.873E-03  4.222E-11  0.000E+00  0.000E+00  2.005E-02
      103800  1.257511E+03  3.873E-03  4.222E-11  0.000E+00  0.000E+00  2.005E-02
      103900  1.257898E+03  3.873E-03  4.222E-11  0.000E+00  0.000E+00  2.006E-02
      104000  1.258285E+03  3.873E-03  4.222E-11  0.000E+00  0.000E+00  2.006E-02
      104100  1.258673E+03  3.873E-03  4.222E-11  0.000E+00  0.000E+00  2.006E-02
      104200  1.259060E+03  3.873E-03  4.222E-11  0.000E+00  0.000E+00  2.006E-02
      104300  1.259447E+03  3.873E-03  4.222E-11  0.000E+00  0.000E+00  2.006E-02
      104400  1.259835E+03  3.873E-03  4.222E-11  0.000E+00  0.000E+00  2.006E-02
      104443  1.260000E+03  2.688E-03  4.222E-11  0.000E+00  0.000E+00  2.007E-02
