

   Iteration      Time   TimeStep    Diff.Hf    Diff.Tw   Diff.Mice  MiceTotal
           0  0.000000E+00  0.000E+00  0.000E+00  0.000E+00  0.000E+00  0.000E+00
           1  1.570796E-03  1.571E-03  6.882E-08  9.749E+00  6.444E-03  6.584E-09
           2  4.038197E-03  2.467E-03  6.882E-08  5.468E-01  5.278E-10  1.693E-08
           3  7.913982E-03  3.876E-03  6.881E-08  0.000E+00  1.885E-09  3.317E-08
           4  1.400205E-02  6.088E-03  6.876E-08  0.000E+00  4.017E-09  5.869E-08
           5  2.356517E-02  9.563E-03  6.865E-08  0.000E+00  7.373E-09  9.878E-08
           6  3.858687E-02  1.502E-02  6.846E-08  0.000E+00  1.267E-08  1.617E-07
           7  5.818634E-02  1.960E-02  6.841E-08  0.000E+00  2.542E-08  2.439E-07
           8  7.778580E-02  1.960E-02  6.932E-08  0.000E+00  5.258E-08  3.261E-07
           9  9.738527E-02  1.960E-02  7.214E-08  0.000E+00  7.656E-08  4.082E-07
          10  1.161170E-01  1.873E-02  7.887E-08  0.000E+00  1.086E-07  4.868E-07
         100  8.604004E-01  8.282E-03  5.911E-08  7.584E-03  1.259E-07  3.613E-06
         200  1.539329E+00  6.357E-03  7.545E-08  1.041E-02  2.952E-07  6.483E-06
         300  2.175075E+00  6.357E-03  8.813E-08  1.072E-02  4.216E-07  9.188E-06
         400  2.810820E+00  6.357E-03  8.632E-08  1.109E-02  4.165E-06  1.206E-05
         500  3.446566E+00  6.357E-03  7.776E-08  1.281E-02  5.906E-06  1.542E-05
         600  4.082312E+00  6.357E-03  6.906E-08  1.143E-02  5.191E-06  1.932E-05
         700  4.718057E+00  6.357E-03  6.192E-08  1.021E-02  4.622E-06  2.375E-05
         800  5.353803E+00  6.357E-03  5.671E-08  9.128E-03  4.102E-06  2.869E-05
         900  5.989548E+00  6.357E-03  5.318E-08  7.973E-03  3.623E-06  3.411E-05
        1000  6.625294E+00  6.357E-03  5.094E-08  7.197E-03  3.321E-06  4.002E-05


   Iteration      Time   TimeStep    Diff.Hf    Diff.Tw   Diff.Mice  MiceTotal
           0  6.625294E+00  0.000E+00  0.000E+00  0.000E+00  0.000E+00  4.002E-05
           1  6.631651E+00  6.357E-03  8.210E-08  2.241E-02  3.778E-05  4.009E-05
           2  6.638009E+00  6.357E-03  8.191E-08  0.000E+00  2.219E-05  4.015E-05
           3  6.644366E+00  6.357E-03  8.186E-08  4.218E-06  1.356E-06  4.021E-05
           4  6.650724E+00  6.357E-03  8.191E-08  1.501E-01  2.597E-08  4.027E-05
           5  6.657081E+00  6.357E-03  8.198E-08  4.898E-04  1.590E-07  4.033E-05
           6  6.663439E+00  6.357E-03  8.199E-08  1.893E-03  6.144E-07  4.039E-05
           7  6.669796E+00  6.357E-03  8.191E-08  5.666E-03  1.839E-06  4.046E-05
           8  6.676154E+00  6.357E-03  8.173E-08  1.430E-02  4.642E-06  4.052E-05
           9  6.682511E+00  6.357E-03  8.146E-08  3.180E-02  1.032E-05  4.058E-05
          10  6.688869E+00  6.357E-03  8.115E-08  6.388E-02  2.073E-05  4.064E-05
         100  7.261040E+00  6.357E-03  5.083E-08  6.884E-03  3.148E-06  4.641E-05
         200  7.896785E+00  6.357E-03  4.972E-08  6.188E-03  2.684E-06  5.325E-05
         300  8.532531E+00  6.357E-03  5.049E-08  6.172E-03  2.620E-06  6.051E-05
         400  9.168276E+00  6.357E-03  3.000E-08  5.935E-03  2.578E-06  6.816E-05
         500  9.804022E+00  6.357E-03  2.858E-08  5.990E-03  2.598E-06  7.619E-05
         600  1.043977E+01  6.357E-03  2.787E-08  5.812E-03  2.404E-06  8.459E-05
         700  1.107551E+01  6.357E-03  2.723E-08  5.811E-03  2.389E-06  9.332E-05
         800  1.171126E+01  6.357E-03  2.671E-08  5.614E-03  2.362E-06  1.024E-04
         900  1.234700E+01  6.357E-03  2.643E-08  5.411E-03  2.136E-06  1.118E-04
        1000  1.298275E+01  6.357E-03  2.637E-08  5.406E-03  2.128E-06  1.214E-04


   Iteration      Time   TimeStep    Diff.Hf    Diff.Tw   Diff.Mice  MiceTotal
           0  1.298275E+01  0.000E+00  0.000E+00  0.000E+00  0.000E+00  1.214E-04
           1  1.298911E+01  6.357E-03  4.396E-08  1.654E-02  5.061E-06  1.215E-04
           2  1.299546E+01  6.357E-03  4.382E-08  2.280E-02  6.975E-06  1.216E-04
           3  1.300182E+01  6.357E-03  4.373E-08  3.070E-02  9.391E-06  1.217E-04
           4  1.300818E+01  6.357E-03  4.371E-08  4.046E-02  1.238E-05  1.218E-04
           5  1.301454E+01  6.357E-03  4.376E-08  6.622E-03  1.433E-05  1.219E-04
           6  1.302089E+01  6.357E-03  4.386E-08  0.000E+00  1.787E-05  1.220E-04
           7  1.302725E+01  6.357E-03  4.399E-08  0.000E+00  1.953E-05  1.221E-04
           8  1.303361E+01  6.357E-03  4.413E-08  1.567E-08  6.774E-07  1.222E-04
           9  1.303997E+01  6.357E-03  4.425E-08  2.212E-06  1.047E-06  1.223E-04
          10  1.304632E+01  6.357E-03  4.432E-08  8.277E-02  5.135E-09  1.224E-04
         100  1.361850E+01  6.357E-03  2.798E-08  5.636E-03  2.122E-06  1.314E-04
         200  1.425424E+01  6.357E-03  2.778E-08  4.922E-03  2.102E-06  1.416E-04
         300  1.488999E+01  6.357E-03  2.915E-08  4.275E-03  1.900E-06  1.520E-04
         400  1.552573E+01  6.357E-03  3.013E-08  4.116E-03  1.932E-06  1.627E-04
         500  1.616148E+01  6.357E-03  3.039E-08  3.951E-03  1.755E-06  1.737E-04
         600  1.679722E+01  6.357E-03  3.023E-08  3.725E-03  1.739E-06  1.849E-04
         700  1.743297E+01  6.357E-03  2.971E-08  4.102E-03  1.659E-06  1.963E-04
         800  1.806871E+01  6.357E-03  2.888E-08  3.675E-03  1.635E-06  2.079E-04
         900  1.870446E+01  6.357E-03  2.771E-08  3.897E-03  1.475E-06  2.197E-04
        1000  1.934021E+01  6.357E-03  2.636E-08  3.594E-03  1.430E-06  2.317E-04


   Iteration      Time   TimeStep    Diff.Hf    Diff.Tw   Diff.Mice  MiceTotal
           0  1.934021E+01  0.000E+00  0.000E+00  0.000E+00  0.000E+00  2.317E-04
           1  1.934656E+01  6.357E-03  3.503E-08  7.079E-03  1.876E-06  2.319E-04
           2  1.935292E+01  6.357E-03  3.507E-08  8.261E-03  2.188E-06  2.320E-04
           3  1.935928E+01  6.357E-03  3.513E-08  9.582E-03  2.534E-06  2.321E-04
           4  1.936564E+01  6.357E-03  3.518E-08  1.106E-02  2.917E-06  2.322E-04
           5  1.937199E+01  6.357E-03  3.524E-08  1.272E-02  3.338E-06  2.323E-04
           6  1.937835E+01  6.357E-03  3.529E-08  1.459E-02  3.802E-06  2.325E-04
           7  1.938471E+01  6.357E-03  3.534E-08  1.676E-02  4.313E-06  2.326E-04
           8  1.939107E+01  6.357E-03  3.537E-08  1.930E-02  4.877E-06  2.327E-04
           9  1.939742E+01  6.357E-03  3.539E-08  2.236E-02  5.506E-06  2.328E-04
          10  1.940378E+01  6.357E-03  3.540E-08  1.345E-02  5.579E-06  2.329E-04
         100  1.997595E+01  6.357E-03  2.604E-08  3.813E-03  1.640E-06  2.440E-04
         200  2.061170E+01  6.357E-03  2.429E-08  3.817E-03  1.513E-06  2.564E-04
         300  2.124744E+01  6.357E-03  2.395E-08  3.658E-03  1.420E-06  2.691E-04
         400  2.188319E+01  6.357E-03  2.372E-08  3.716E-03  1.372E-06  2.819E-04
         500  2.251893E+01  6.357E-03  2.355E-08  3.696E-03  1.206E-06  2.949E-04
         600  2.315468E+01  6.357E-03  2.369E-08  3.565E-03  8.039E-07  3.080E-04
         700  2.379043E+01  6.357E-03  2.379E-08  3.369E-03  4.804E-07  3.212E-04
         800  2.442617E+01  6.357E-03  2.384E-08  3.546E-03  3.956E-07  3.344E-04
         900  2.506192E+01  6.357E-03  2.389E-08  3.371E-03  3.989E-07  3.476E-04
        1000  2.569766E+01  6.357E-03  2.406E-08  3.002E-03  3.142E-07  3.609E-04


   Iteration      Time   TimeStep    Diff.Hf    Diff.Tw   Diff.Mice  MiceTotal
           0  2.569766E+01  0.000E+00  0.000E+00  0.000E+00  0.000E+00  3.609E-04
           1  2.570402E+01  6.357E-03  3.147E-08  1.110E-03  3.589E-07  3.610E-04
           2  2.571038E+01  6.357E-03  3.152E-08  1.228E-03  4.686E-07  3.611E-04
           3  2.571673E+01  6.357E-03  3.156E-08  1.354E-03  6.084E-07  3.613E-04
           4  2.572309E+01  6.357E-03  3.159E-08  1.489E-03  1.664E-07  3.614E-04
           5  2.572945E+01  6.357E-03  3.161E-08  1.501E-01  1.539E-07  3.615E-04
           6  2.573581E+01  6.357E-03  3.162E-08  1.787E-03  1.684E-07  3.617E-04
           7  2.574216E+01  6.357E-03  3.162E-08  1.951E-03  1.838E-07  3.618E-04
           8  2.574852E+01  6.357E-03  3.161E-08  2.124E-03  2.002E-07  3.619E-04
           9  2.575488E+01  6.357E-03  3.159E-08  2.308E-03  2.175E-07  3.621E-04
          10  2.576124E+01  6.357E-03  3.156E-08  2.503E-03  2.359E-07  3.622E-04
         100  2.633341E+01  6.357E-03  2.552E-08  3.257E-03  3.085E-07  3.742E-04
         200  2.696915E+01  6.357E-03  2.563E-08  3.127E-03  2.647E-07  3.875E-04
         300  2.760490E+01  6.357E-03  2.612E-08  2.600E-03  2.383E-07  4.008E-04
         400  2.824064E+01  6.357E-03  4.285E-08  3.676E-03  2.452E-07  4.141E-04
         500  2.887639E+01  6.357E-03  3.049E-08  1.501E-03  2.199E-07  4.275E-04
         600  2.951214E+01  6.357E-03  1.133E-09  1.501E-03  1.808E-07  4.408E-04
         700  3.014788E+01  6.357E-03  1.039E-09  1.501E-03  1.272E-07  4.542E-04
         800  3.078363E+01  6.357E-03  9.741E-10  1.117E-03  9.870E-08  4.676E-04
         900  3.141937E+01  6.357E-03  9.175E-10  5.737E-04  1.214E-07  4.810E-04
        1000  3.205512E+01  6.357E-03  8.609E-10  1.078E-03  1.498E-07  4.944E-04


   Iteration      Time   TimeStep    Diff.Hf    Diff.Tw   Diff.Mice  MiceTotal
           0  3.205512E+01  0.000E+00  0.000E+00  0.000E+00  0.000E+00  4.944E-04
           1  3.206148E+01  6.357E-03  8.377E-10  7.384E-04  3.843E-08  4.945E-04
           2  3.206783E+01  6.357E-03  8.365E-10  7.865E-04  4.093E-08  4.947E-04
           3  3.207419E+01  6.357E-03  8.353E-10  8.367E-04  4.354E-08  4.948E-04
           4  3.208055E+01  6.357E-03  8.341E-10  8.890E-04  4.626E-08  4.949E-04
           5  3.208691E+01  6.357E-03  8.330E-10  9.436E-04  4.910E-08  4.951E-04
           6  3.209326E+01  6.357E-03  8.319E-10  1.000E-03  5.206E-08  4.952E-04
           7  3.209962E+01  6.357E-03  8.308E-10  1.060E-03  5.514E-08  4.953E-04
           8  3.210598E+01  6.357E-03  8.298E-10  1.121E-03  5.834E-08  4.955E-04
           9  3.211233E+01  6.357E-03  8.288E-10  1.185E-03  6.167E-08  4.956E-04
          10  3.211869E+01  6.357E-03  8.279E-10  1.251E-03  6.512E-08  4.957E-04
         100  3.269086E+01  6.357E-03  8.020E-10  1.462E-03  1.699E-07  5.078E-04
         200  3.332661E+01  6.357E-03  7.376E-10  1.497E-03  1.337E-07  5.212E-04
         300  3.396235E+01  6.357E-03  7.004E-10  6.897E-04  3.671E-08  5.347E-04
         400  3.459810E+01  6.357E-03  6.696E-10  8.126E-04  1.116E-07  5.481E-04
         500  3.523385E+01  6.357E-03  6.159E-10  1.450E-03  1.320E-07  5.615E-04
         600  3.586959E+01  6.357E-03  5.803E-10  7.339E-04  2.956E-08  5.750E-04
         700  3.650534E+01  6.357E-03  5.607E-10  7.671E-04  9.619E-08  5.884E-04
         800  3.714108E+01  6.357E-03  5.123E-10  1.478E-03  8.413E-08  6.018E-04
         900  3.777683E+01  6.357E-03  4.956E-10  1.648E-04  3.360E-08  6.153E-04
        1000  3.841257E+01  6.357E-03  4.643E-10  1.336E-03  1.050E-07  6.288E-04


   Iteration      Time   TimeStep    Diff.Hf    Diff.Tw   Diff.Mice  MiceTotal
           0  3.841257E+01  0.000E+00  0.000E+00  0.000E+00  0.000E+00  6.288E-04
           1  3.841893E+01  6.357E-03  4.700E-10  4.847E-07  1.616E-11  6.289E-04
           2  3.842529E+01  6.357E-03  4.696E-10  6.682E-07  2.228E-11  6.290E-04
           3  3.843165E+01  6.357E-03  4.693E-10  8.945E-07  2.982E-11  6.292E-04
           4  3.843800E+01  6.357E-03  4.689E-10  1.169E-06  3.897E-11  6.293E-04
           5  3.844436E+01  6.357E-03  4.685E-10  1.496E-06  4.988E-11  6.294E-04
           6  3.845072E+01  6.357E-03  4.681E-10  1.882E-06  6.275E-11  6.296E-04
           7  3.845708E+01  6.357E-03  4.677E-10  2.332E-06  7.775E-11  6.297E-04
           8  3.846343E+01  6.357E-03  4.673E-10  2.851E-06  9.507E-11  6.298E-04
           9  3.846979E+01  6.357E-03  4.668E-10  3.446E-06  1.149E-10  6.300E-04
          10  3.847615E+01  6.357E-03  4.664E-10  4.123E-06  1.375E-10  6.301E-04
         100  3.904832E+01  6.357E-03  4.354E-10  4.082E-04  1.361E-08  6.422E-04
         200  3.968406E+01  6.357E-03  4.202E-10  1.133E-03  9.183E-08  6.557E-04
         300  4.031981E+01  6.357E-03  3.889E-10  4.388E-04  1.382E-08  6.691E-04
         400  4.095556E+01  6.357E-03  3.780E-10  1.062E-03  8.447E-08  6.826E-04
         500  4.159130E+01  6.357E-03  3.494E-10  3.180E-04  9.517E-09  6.961E-04
         600  4.222705E+01  6.357E-03  3.376E-10  1.183E-03  8.389E-08  7.095E-04
         700  4.286279E+01  6.357E-03  3.172E-10  1.287E-04  3.651E-09  7.230E-04
         800  4.349854E+01  6.357E-03  2.981E-10  1.372E-03  5.258E-08  7.365E-04
         900  4.413428E+01  6.357E-03  2.911E-10  1.836E-05  3.234E-08  7.500E-04
        1000  4.477003E+01  6.357E-03  2.630E-10  7.343E-04  1.981E-08  7.635E-04
        1100  4.540578E+01  6.357E-03  2.632E-10  7.481E-04  6.390E-08  7.769E-04
        1200  4.604152E+01  6.357E-03  2.404E-10  1.135E-04  2.945E-09  7.904E-04
        1300  4.667727E+01  6.357E-03  2.270E-10  1.269E-03  3.293E-08  8.039E-04
        1400  4.731301E+01  6.357E-03  2.256E-10  1.179E-04  4.510E-08  8.174E-04
        1500  4.794876E+01  6.357E-03  2.011E-10  1.600E-04  4.013E-09  8.309E-04
        1600  4.858450E+01  6.357E-03  1.940E-10  1.214E-03  3.044E-08  8.444E-04
        1700  4.922025E+01  6.357E-03  1.922E-10  1.679E-05  4.106E-08  8.579E-04
        1800  4.985599E+01  6.357E-03  1.708E-10  8.830E-05  2.142E-09  8.714E-04
        1900  5.049174E+01  6.357E-03  1.620E-10  7.389E-04  1.792E-08  8.849E-04
        2000  5.112749E+01  6.357E-03  1.634E-10  2.859E-04  4.493E-08  8.984E-04
        2100  5.176323E+01  6.357E-03  1.491E-10  1.489E-05  1.359E-09  9.118E-04
        2200  5.239898E+01  6.357E-03  1.349E-10  2.515E-04  5.926E-09  9.253E-04
        2300  5.303472E+01  6.357E-03  1.352E-10  5.141E-04  2.193E-08  9.388E-04
        2400  5.367047E+01  6.357E-03  1.327E-10  3.737E-08  2.835E-08  9.523E-04
        2500  5.430621E+01  6.357E-03  1.186E-10  2.471E-05  5.693E-10  9.658E-04
        2600  5.494196E+01  6.357E-03  1.097E-10  2.382E-04  5.486E-09  9.793E-04
        2700  5.557770E+01  6.357E-03  1.106E-10  1.431E-04  1.608E-08  9.928E-04
        2800  5.621345E+01  6.357E-03  1.089E-10  1.494E-09  2.454E-08  1.006E-03
        2900  5.684920E+01  6.357E-03  9.855E-11  8.936E-06  2.022E-10  1.020E-03
        3000  5.748494E+01  6.357E-03  8.988E-11  1.283E-06  2.161E-09  1.033E-03
        3100  5.812069E+01  6.357E-03  8.898E-11  0.000E+00  7.965E-09  1.047E-03
        3200  5.875643E+01  6.357E-03  8.983E-11  0.000E+00  1.678E-08  1.060E-03
        3300  5.939218E+01  6.357E-03  8.521E-11  0.000E+00  9.784E-09  1.074E-03
        3400  6.002792E+01  6.357E-03  7.688E-11  0.000E+00  3.482E-10  1.087E-03
        3500  6.066367E+01  6.357E-03  7.203E-11  0.000E+00  2.234E-09  1.101E-03
        3600  6.129942E+01  6.357E-03  7.213E-11  0.000E+00  6.493E-09  1.114E-03
        3700  6.193516E+01  6.357E-03  7.263E-11  0.000E+00  1.235E-08  1.128E-03
        3800  6.257091E+01  6.357E-03  6.940E-11  0.000E+00  6.569E-09  1.141E-03
        3900  6.320665E+01  6.357E-03  6.356E-11  0.000E+00  1.862E-10  1.155E-03
        4000  6.384240E+01  6.357E-03  5.943E-11  0.000E+00  1.196E-09  1.168E-03
        4100  6.447814E+01  6.357E-03  5.872E-11  0.000E+00  3.596E-09  1.182E-03
        4200  6.511389E+01  6.357E-03  5.942E-11  0.000E+00  7.231E-09  1.195E-03
        4300  6.574963E+01  6.357E-03  5.852E-11  0.000E+00  6.331E-09  1.209E-03
        4400  6.638538E+01  6.357E-03  5.527E-11  0.000E+00  4.968E-11  1.222E-03
        4500  6.702113E+01  6.357E-03  5.176E-11  0.000E+00  4.323E-10  1.236E-03
        4600  6.765687E+01  6.357E-03  4.992E-11  0.000E+00  1.548E-09  1.249E-03
        4700  6.829262E+01  6.357E-03  4.993E-11  0.000E+00  3.577E-09  1.263E-03
        4800  6.892836E+01  6.357E-03  5.022E-11  0.000E+00  3.381E-09  1.276E-03
        4900  6.956411E+01  6.357E-03  4.938E-11  0.000E+00  0.000E+00  1.290E-03
        5000  7.019985E+01  6.357E-03  4.757E-11  0.000E+00  0.000E+00  1.303E-03
        5100  7.083560E+01  6.357E-03  4.580E-11  0.000E+00  0.000E+00  1.317E-03
        5200  7.147134E+01  6.357E-03  4.500E-11  0.000E+00  0.000E+00  1.330E-03
        5300  7.210709E+01  6.357E-03  4.513E-11  0.000E+00  0.000E+00  1.344E-03
        5400  7.274284E+01  6.357E-03  4.538E-11  0.000E+00  0.000E+00  1.357E-03
        5500  7.337858E+01  6.357E-03  4.509E-11  0.000E+00  0.000E+00  1.371E-03
        5600  7.401433E+01  6.357E-03  4.428E-11  0.000E+00  0.000E+00  1.385E-03
        5700  7.465007E+01  6.357E-03  4.341E-11  0.000E+00  0.000E+00  1.398E-03
        5800  7.528582E+01  6.357E-03  4.286E-11  0.000E+00  0.000E+00  1.412E-03
        5900  7.592156E+01  6.357E-03  4.251E-11  0.000E+00  0.000E+00  1.425E-03
        6000  7.655731E+01  6.357E-03  4.201E-11  0.000E+00  0.000E+00  1.439E-03
        6100  7.719305E+01  6.357E-03  4.113E-11  0.000E+00  0.000E+00  1.452E-03
        6200  7.782880E+01  6.357E-03  3.992E-11  0.000E+00  0.000E+00  1.466E-03
        6300  7.846455E+01  6.357E-03  3.859E-11  0.000E+00  0.000E+00  1.479E-03
        6400  7.910029E+01  6.357E-03  3.731E-11  0.000E+00  0.000E+00  1.493E-03
        6500  7.973604E+01  6.357E-03  3.610E-11  0.000E+00  0.000E+00  1.506E-03
        6600  8.037178E+01  6.357E-03  3.490E-11  0.000E+00  0.000E+00  1.520E-03
        6700  8.100753E+01  6.357E-03  3.371E-11  0.000E+00  0.000E+00  1.533E-03
        6800  8.164327E+01  6.357E-03  3.251E-11  0.000E+00  0.000E+00  1.547E-03
        6900  8.227902E+01  6.357E-03  3.133E-11  0.000E+00  0.000E+00  1.560E-03
        7000  8.291477E+01  6.357E-03  3.016E-11  0.000E+00  0.000E+00  1.574E-03
        7100  8.355051E+01  6.357E-03  2.902E-11  0.000E+00  0.000E+00  1.587E-03
        7200  8.418626E+01  6.357E-03  2.790E-11  0.000E+00  0.000E+00  1.601E-03
        7300  8.482200E+01  6.357E-03  2.681E-11  0.000E+00  0.000E+00  1.614E-03
        7400  8.545775E+01  6.357E-03  2.574E-11  0.000E+00  0.000E+00  1.628E-03
        7500  8.609349E+01  6.357E-03  2.470E-11  0.000E+00  0.000E+00  1.641E-03
        7600  8.672924E+01  6.357E-03  2.370E-11  0.000E+00  0.000E+00  1.655E-03
        7700  8.736498E+01  6.357E-03  2.272E-11  0.000E+00  0.000E+00  1.668E-03
        7800  8.800073E+01  6.357E-03  2.178E-11  0.000E+00  0.000E+00  1.682E-03
        7900  8.863648E+01  6.357E-03  2.086E-11  0.000E+00  0.000E+00  1.695E-03
        8000  8.927222E+01  6.357E-03  1.998E-11  0.000E+00  0.000E+00  1.709E-03
        8100  8.990797E+01  6.357E-03  1.912E-11  0.000E+00  0.000E+00  1.722E-03
        8200  9.054371E+01  6.357E-03  1.829E-11  0.000E+00  0.000E+00  1.736E-03
        8300  9.117946E+01  6.357E-03  1.749E-11  0.000E+00  0.000E+00  1.749E-03
        8400  9.181520E+01  6.357E-03  1.671E-11  0.000E+00  0.000E+00  1.763E-03
        8500  9.245095E+01  6.357E-03  1.595E-11  0.000E+00  0.000E+00  1.776E-03
        8600  9.308669E+01  6.357E-03  1.520E-11  0.000E+00  0.000E+00  1.790E-03
        8700  9.372244E+01  6.357E-03  1.447E-11  0.000E+00  0.000E+00  1.803E-03
        8800  9.435819E+01  6.357E-03  1.375E-11  0.000E+00  0.000E+00  1.817E-03
        8900  9.499393E+01  6.357E-03  1.304E-11  0.000E+00  0.000E+00  1.830E-03
        9000  9.562968E+01  6.357E-03  1.232E-11  0.000E+00  0.000E+00  1.844E-03
        9100  9.626542E+01  6.357E-03  1.161E-11  0.000E+00  0.000E+00  1.857E-03
        9200  9.690117E+01  6.357E-03  1.088E-11  0.000E+00  0.000E+00  1.871E-03
        9300  9.753691E+01  6.357E-03  1.014E-11  0.000E+00  0.000E+00  1.884E-03
        9400  9.817266E+01  6.357E-03  9.397E-12  0.000E+00  0.000E+00  1.898E-03
        9500  9.880841E+01  6.357E-03  8.640E-12  0.000E+00  0.000E+00  1.911E-03
        9600  9.944415E+01  6.357E-03  7.876E-12  0.000E+00  0.000E+00  1.925E-03
        9700  1.000799E+02  6.357E-03  7.112E-12  0.000E+00  0.000E+00  1.938E-03
        9800  1.007156E+02  6.357E-03  6.359E-12  0.000E+00  0.000E+00  1.952E-03
        9900  1.013514E+02  6.357E-03  5.625E-12  0.000E+00  0.000E+00  1.965E-03
       10000  1.019871E+02  6.357E-03  4.923E-12  0.000E+00  0.000E+00  1.979E-03
       10100  1.026229E+02  6.357E-03  4.261E-12  0.000E+00  0.000E+00  1.992E-03
       10200  1.032586E+02  6.357E-03  3.649E-12  0.000E+00  0.000E+00  2.006E-03
       10300  1.038944E+02  6.357E-03  3.093E-12  0.000E+00  0.000E+00  2.019E-03
       10400  1.045301E+02  6.357E-03  2.595E-12  0.000E+00  0.000E+00  2.033E-03
       10500  1.051659E+02  6.357E-03  2.156E-12  0.000E+00  0.000E+00  2.046E-03
       10600  1.058016E+02  6.357E-03  1.776E-12  0.000E+00  0.000E+00  2.060E-03
       10700  1.064374E+02  6.357E-03  1.450E-12  0.000E+00  0.000E+00  2.073E-03
       10800  1.070731E+02  6.357E-03  1.175E-12  0.000E+00  0.000E+00  2.087E-03
       10900  1.077088E+02  6.357E-03  9.458E-13  0.000E+00  0.000E+00  2.100E-03
       11000  1.083446E+02  6.357E-03  7.560E-13  0.000E+00  0.000E+00  2.114E-03
       11100  1.089803E+02  6.357E-03  6.007E-13  0.000E+00  0.000E+00  2.127E-03
       11200  1.096161E+02  6.357E-03  4.746E-13  0.000E+00  0.000E+00  2.141E-03
       11300  1.102518E+02  6.357E-03  3.731E-13  0.000E+00  0.000E+00  2.154E-03
       11400  1.108876E+02  6.357E-03  2.920E-13  0.000E+00  0.000E+00  2.168E-03
       11500  1.115233E+02  6.357E-03  2.275E-13  0.000E+00  0.000E+00  2.181E-03
       11600  1.121591E+02  6.357E-03  1.765E-13  0.000E+00  0.000E+00  2.195E-03
       11700  1.127948E+02  6.357E-03  1.365E-13  0.000E+00  0.000E+00  2.208E-03
       11800  1.134306E+02  6.357E-03  1.052E-13  0.000E+00  0.000E+00  2.222E-03
       11900  1.140663E+02  6.357E-03  8.084E-14  0.000E+00  0.000E+00  2.235E-03
       12000  1.147020E+02  6.357E-03  6.194E-14  0.000E+00  0.000E+00  2.249E-03
       12100  1.153378E+02  6.357E-03  4.732E-14  0.000E+00  0.000E+00  2.262E-03
       12200  1.159735E+02  6.357E-03  3.607E-14  0.000E+00  0.000E+00  2.276E-03
       12300  1.166093E+02  6.357E-03  2.743E-14  0.000E+00  0.000E+00  2.290E-03
       12400  1.172450E+02  6.357E-03  2.081E-14  0.000E+00  0.000E+00  2.303E-03
       12500  1.178808E+02  6.357E-03  1.576E-14  0.000E+00  0.000E+00  2.317E-03
       12600  1.185165E+02  6.357E-03  1.191E-14  0.000E+00  0.000E+00  2.330E-03
       12700  1.191523E+02  6.357E-03  8.985E-15  0.000E+00  0.000E+00  2.344E-03
       12800  1.197880E+02  6.357E-03  6.767E-15  0.000E+00  0.000E+00  2.357E-03
       12900  1.204238E+02  6.357E-03  5.088E-15  0.000E+00  0.000E+00  2.371E-03
       13000  1.210595E+02  6.357E-03  3.820E-15  0.000E+00  0.000E+00  2.384E-03
       13100  1.216952E+02  6.357E-03  2.863E-15  0.000E+00  0.000E+00  2.398E-03
       13200  1.223310E+02  6.357E-03  2.143E-15  0.000E+00  0.000E+00  2.411E-03
       13300  1.229667E+02  6.357E-03  1.602E-15  0.000E+00  0.000E+00  2.425E-03
       13400  1.236025E+02  6.357E-03  1.196E-15  0.000E+00  0.000E+00  2.438E-03
       13500  1.242382E+02  6.357E-03  8.919E-16  0.000E+00  0.000E+00  2.452E-03
       13600  1.248740E+02  6.357E-03  6.643E-16  0.000E+00  0.000E+00  2.465E-03
       13700  1.255097E+02  6.357E-03  4.942E-16  0.000E+00  0.000E+00  2.479E-03
       13800  1.261455E+02  6.357E-03  3.673E-16  0.000E+00  0.000E+00  2.492E-03
       13900  1.267812E+02  6.357E-03  2.726E-16  0.000E+00  0.000E+00  2.506E-03
       14000  1.274170E+02  6.357E-03  2.022E-16  0.000E+00  0.000E+00  2.519E-03
       14100  1.280527E+02  6.357E-03  1.498E-16  0.000E+00  0.000E+00  2.533E-03
       14200  1.286884E+02  6.357E-03  1.109E-16  0.000E+00  0.000E+00  2.546E-03
       14300  1.293242E+02  6.357E-03  8.198E-17  0.000E+00  0.000E+00  2.560E-03
       14400  1.299599E+02  6.357E-03  6.057E-17  0.000E+00  0.000E+00  2.573E-03
       14500  1.305957E+02  6.357E-03  4.471E-17  0.000E+00  0.000E+00  2.587E-03
       14600  1.312314E+02  6.357E-03  3.298E-17  0.000E+00  0.000E+00  2.600E-03
       14700  1.318672E+02  6.357E-03  2.430E-17  0.000E+00  0.000E+00  2.614E-03
       14800  1.325029E+02  6.357E-03  1.790E-17  0.000E+00  0.000E+00  2.627E-03
       14900  1.331387E+02  6.357E-03  1.317E-17  0.000E+00  0.000E+00  2.641E-03
       15000  1.337744E+02  6.357E-03  9.682E-18  0.000E+00  0.000E+00  2.654E-03
       15100  1.344102E+02  6.357E-03  7.114E-18  0.000E+00  0.000E+00  2.668E-03
       15200  1.350459E+02  6.357E-03  5.223E-18  0.000E+00  0.000E+00  2.681E-03
       15300  1.356816E+02  6.357E-03  3.832E-18  0.000E+00  0.000E+00  2.695E-03
       15400  1.363174E+02  6.357E-03  2.810E-18  0.000E+00  0.000E+00  2.708E-03
       15500  1.369531E+02  6.357E-03  2.059E-18  0.000E+00  0.000E+00  2.722E-03
       15600  1.375889E+02  6.357E-03  1.508E-18  0.000E+00  0.000E+00  2.735E-03
       15700  1.382246E+02  6.357E-03  1.103E-18  0.000E+00  0.000E+00  2.749E-03
       15800  1.388604E+02  6.357E-03  8.070E-19  0.000E+00  0.000E+00  2.762E-03
       15900  1.394961E+02  6.357E-03  5.899E-19  0.000E+00  0.000E+00  2.776E-03
       16000  1.401319E+02  6.357E-03  4.309E-19  0.000E+00  0.000E+00  2.789E-03
       16100  1.407676E+02  6.357E-03  3.146E-19  0.000E+00  0.000E+00  2.803E-03
       16200  1.414034E+02  6.357E-03  2.296E-19  0.000E+00  0.000E+00  2.816E-03
       16300  1.420391E+02  6.357E-03  1.674E-19  0.000E+00  0.000E+00  2.830E-03
       16400  1.426749E+02  6.357E-03  1.220E-19  0.000E+00  0.000E+00  2.843E-03
       16500  1.433106E+02  6.357E-03  8.890E-20  0.000E+00  0.000E+00  2.857E-03
       16600  1.439463E+02  6.357E-03  6.473E-20  0.000E+00  0.000E+00  2.870E-03
       16700  1.445821E+02  6.357E-03  4.711E-20  0.000E+00  0.000E+00  2.884E-03
       16800  1.452178E+02  6.357E-03  3.427E-20  0.000E+00  0.000E+00  2.897E-03
       16900  1.458536E+02  6.357E-03  2.492E-20  0.000E+00  0.000E+00  2.911E-03
       17000  1.464893E+02  6.357E-03  1.811E-20  0.000E+00  0.000E+00  2.924E-03
       17100  1.471251E+02  6.357E-03  1.315E-20  0.000E+00  0.000E+00  2.938E-03
       17200  1.477608E+02  6.357E-03  9.548E-21  0.000E+00  0.000E+00  2.951E-03
       17300  1.483966E+02  6.357E-03  6.930E-21  0.000E+00  0.000E+00  2.965E-03
       17400  1.490323E+02  6.357E-03  5.026E-21  0.000E+00  0.000E+00  2.978E-03
       17500  1.496681E+02  6.357E-03  3.643E-21  0.000E+00  0.000E+00  2.992E-03
       17600  1.503038E+02  6.357E-03  2.639E-21  0.000E+00  0.000E+00  3.005E-03
       17700  1.509395E+02  6.357E-03  1.908E-21  0.000E+00  0.000E+00  3.019E-03
       17800  1.515753E+02  6.357E-03  1.375E-21  0.000E+00  0.000E+00  3.032E-03
       17900  1.522110E+02  6.357E-03  9.867E-22  0.000E+00  0.000E+00  3.046E-03
       18000  1.528468E+02  6.357E-03  7.065E-22  0.000E+00  0.000E+00  3.059E-03
       18100  1.534825E+02  6.357E-03  5.047E-22  0.000E+00  0.000E+00  3.073E-03
       18200  1.541183E+02  6.357E-03  3.588E-22  0.000E+00  0.000E+00  3.086E-03
       18300  1.547540E+02  6.357E-03  2.532E-22  0.000E+00  0.000E+00  3.100E-03
       18400  1.553898E+02  6.357E-03  1.848E-22  0.000E+00  0.000E+00  3.113E-03
       18500  1.560255E+02  6.357E-03  1.208E-22  0.000E+00  0.000E+00  3.127E-03
       18600  1.566613E+02  6.357E-03  1.013E-22  0.000E+00  0.000E+00  3.140E-03
       18700  1.572970E+02  6.357E-03  5.018E-23  0.000E+00  0.000E+00  3.154E-03
       18800  1.579327E+02  6.357E-03  0.000E+00  0.000E+00  0.000E+00  3.168E-03
       18900  1.585685E+02  6.357E-03  0.000E+00  0.000E+00  0.000E+00  3.181E-03
       19000  1.592042E+02  6.357E-03  0.000E+00  0.000E+00  0.000E+00  3.195E-03
       19100  1.598400E+02  6.357E-03  0.000E+00  0.000E+00  0.000E+00  3.208E-03
       19200  1.604757E+02  6.357E-03  0.000E+00  0.000E+00  0.000E+00  3.222E-03
       19300  1.611115E+02  6.357E-03  0.000E+00  0.000E+00  0.000E+00  3.235E-03
       19400  1.617472E+02  6.357E-03  0.000E+00  0.000E+00  0.000E+00  3.249E-03
       19500  1.623830E+02  6.357E-03  0.000E+00  0.000E+00  0.000E+00  3.262E-03
       19600  1.630187E+02  6.357E-03  0.000E+00  0.000E+00  0.000E+00  3.276E-03
       19700  1.636545E+02  6.357E-03  0.000E+00  0.000E+00  0.000E+00  3.289E-03
       19800  1.642902E+02  6.357E-03  0.000E+00  0.000E+00  0.000E+00  3.303E-03
       19900  1.649259E+02  6.357E-03  0.000E+00  0.000E+00  0.000E+00  3.316E-03
       20000  1.655617E+02  6.357E-03  0.000E+00  0.000E+00  0.000E+00  3.330E-03
       20100  1.661974E+02  6.357E-03  0.000E+00  0.000E+00  0.000E+00  3.343E-03
       20200  1.668332E+02  6.357E-03  0.000E+00  0.000E+00  0.000E+00  3.357E-03
       20300  1.674689E+02  6.357E-03  0.000E+00  0.000E+00  0.000E+00  3.370E-03
       20400  1.681047E+02  6.357E-03  0.000E+00  0.000E+00  0.000E+00  3.384E-03
       20500  1.687404E+02  6.357E-03  0.000E+00  0.000E+00  0.000E+00  3.397E-03
       20600  1.693762E+02  6.357E-03  0.000E+00  0.000E+00  0.000E+00  3.411E-03
       20700  1.700119E+02  6.357E-03  0.000E+00  0.000E+00  0.000E+00  3.424E-03
       20800  1.706477E+02  6.357E-03  0.000E+00  0.000E+00  0.000E+00  3.438E-03
       20900  1.712834E+02  6.357E-03  0.000E+00  0.000E+00  0.000E+00  3.451E-03
       21000  1.719191E+02  6.357E-03  0.000E+00  0.000E+00  0.000E+00  3.465E-03
       21100  1.725549E+02  6.357E-03  0.000E+00  0.000E+00  0.000E+00  3.478E-03
       21200  1.731906E+02  6.357E-03  0.000E+00  0.000E+00  0.000E+00  3.492E-03
       21300  1.738264E+02  6.357E-03  0.000E+00  0.000E+00  0.000E+00  3.505E-03
       21400  1.744621E+02  6.357E-03  0.000E+00  0.000E+00  0.000E+00  3.519E-03
       21500  1.750979E+02  6.357E-03  0.000E+00  0.000E+00  0.000E+00  3.532E-03
       21600  1.757336E+02  6.357E-03  0.000E+00  0.000E+00  0.000E+00  3.546E-03
       21700  1.763694E+02  6.357E-03  0.000E+00  0.000E+00  0.000E+00  3.559E-03
       21800  1.770051E+02  6.357E-03  0.000E+00  0.000E+00  0.000E+00  3.573E-03
       21900  1.776409E+02  6.357E-03  0.000E+00  0.000E+00  0.000E+00  3.586E-03
       22000  1.782766E+02  6.357E-03  0.000E+00  0.000E+00  0.000E+00  3.600E-03
       22100  1.789123E+02  6.357E-03  0.000E+00  0.000E+00  0.000E+00  3.613E-03
       22200  1.795481E+02  6.357E-03  0.000E+00  0.000E+00  0.000E+00  3.627E-03
       22300  1.801838E+02  6.357E-03  0.000E+00  0.000E+00  0.000E+00  3.640E-03
       22400  1.808196E+02  6.357E-03  0.000E+00  0.000E+00  0.000E+00  3.654E-03
       22500  1.814553E+02  6.357E-03  0.000E+00  0.000E+00  0.000E+00  3.667E-03
       22600  1.820911E+02  6.357E-03  0.000E+00  0.000E+00  0.000E+00  3.681E-03
       22700  1.827268E+02  6.357E-03  0.000E+00  0.000E+00  0.000E+00  3.694E-03
       22800  1.833626E+02  6.357E-03  0.000E+00  0.000E+00  0.000E+00  3.708E-03
       22900  1.839983E+02  6.357E-03  0.000E+00  0.000E+00  0.000E+00  3.721E-03
       23000  1.846341E+02  6.357E-03  0.000E+00  0.000E+00  0.000E+00  3.735E-03
       23100  1.852698E+02  6.357E-03  0.000E+00  0.000E+00  0.000E+00  3.748E-03
       23200  1.859056E+02  6.357E-03  0.000E+00  0.000E+00  0.000E+00  3.762E-03
       23300  1.865413E+02  6.357E-03  0.000E+00  0.000E+00  0.000E+00  3.775E-03
       23400  1.871770E+02  6.357E-03  0.000E+00  0.000E+00  0.000E+00  3.789E-03
       23500  1.878128E+02  6.357E-03  0.000E+00  0.000E+00  0.000E+00  3.802E-03
       23600  1.884485E+02  6.357E-03  0.000E+00  0.000E+00  0.000E+00  3.816E-03
       23700  1.890843E+02  6.357E-03  0.000E+00  0.000E+00  0.000E+00  3.829E-03
       23800  1.897200E+02  6.357E-03  0.000E+00  0.000E+00  0.000E+00  3.843E-03
       23900  1.903558E+02  6.357E-03  0.000E+00  0.000E+00  0.000E+00  3.856E-03
       24000  1.909915E+02  6.357E-03  0.000E+00  0.000E+00  0.000E+00  3.870E-03
       24100  1.916273E+02  6.357E-03  0.000E+00  0.000E+00  0.000E+00  3.883E-03
       24200  1.922630E+02  6.357E-03  0.000E+00  0.000E+00  0.000E+00  3.897E-03
       24300  1.928988E+02  6.357E-03  0.000E+00  0.000E+00  0.000E+00  3.910E-03
       24400  1.935345E+02  6.357E-03  0.000E+00  0.000E+00  0.000E+00  3.924E-03
       24500  1.941702E+02  6.357E-03  0.000E+00  0.000E+00  0.000E+00  3.937E-03
       24600  1.948060E+02  6.357E-03  0.000E+00  0.000E+00  0.000E+00  3.951E-03
       24700  1.954417E+02  6.357E-03  0.000E+00  0.000E+00  0.000E+00  3.964E-03
       24800  1.960775E+02  6.357E-03  0.000E+00  0.000E+00  0.000E+00  3.978E-03
       24900  1.967132E+02  6.357E-03  0.000E+00  0.000E+00  0.000E+00  3.991E-03
       25000  1.973490E+02  6.357E-03  0.000E+00  0.000E+00  0.000E+00  4.005E-03
       25100  1.979847E+02  6.357E-03  0.000E+00  0.000E+00  0.000E+00  4.018E-03
       25200  1.986205E+02  6.357E-03  0.000E+00  0.000E+00  0.000E+00  4.032E-03
       25300  1.992562E+02  6.357E-03  0.000E+00  0.000E+00  0.000E+00  4.045E-03
       25400  1.998920E+02  6.357E-03  0.000E+00  0.000E+00  0.000E+00  4.059E-03
       25500  2.005277E+02  6.357E-03  0.000E+00  0.000E+00  0.000E+00  4.073E-03
       25600  2.011634E+02  6.357E-03  0.000E+00  0.000E+00  0.000E+00  4.086E-03
       25700  2.017992E+02  6.357E-03  0.000E+00  0.000E+00  0.000E+00  4.100E-03
       25800  2.024349E+02  6.357E-03  0.000E+00  0.000E+00  0.000E+00  4.113E-03
       25900  2.030707E+02  6.357E-03  0.000E+00  0.000E+00  0.000E+00  4.127E-03
       26000  2.037064E+02  6.357E-03  0.000E+00  0.000E+00  0.000E+00  4.140E-03
       26100  2.043422E+02  6.357E-03  0.000E+00  0.000E+00  0.000E+00  4.154E-03
       26200  2.049779E+02  6.357E-03  0.000E+00  0.000E+00  0.000E+00  4.167E-03
       26300  2.056137E+02  6.357E-03  0.000E+00  0.000E+00  0.000E+00  4.181E-03
       26400  2.062494E+02  6.357E-03  0.000E+00  0.000E+00  0.000E+00  4.194E-03
       26500  2.068852E+02  6.357E-03  0.000E+00  0.000E+00  0.000E+00  4.208E-03
       26600  2.075209E+02  6.357E-03  0.000E+00  0.000E+00  0.000E+00  4.221E-03
       26700  2.081566E+02  6.357E-03  0.000E+00  0.000E+00  0.000E+00  4.235E-03
       26800  2.087924E+02  6.357E-03  0.000E+00  0.000E+00  0.000E+00  4.248E-03
       26900  2.094281E+02  6.357E-03  0.000E+00  0.000E+00  0.000E+00  4.262E-03
       27000  2.100639E+02  6.357E-03  0.000E+00  0.000E+00  0.000E+00  4.275E-03
       27100  2.106996E+02  6.357E-03  0.000E+00  0.000E+00  0.000E+00  4.289E-03
       27200  2.113354E+02  6.357E-03  0.000E+00  0.000E+00  0.000E+00  4.302E-03
       27300  2.119711E+02  6.357E-03  0.000E+00  0.000E+00  0.000E+00  4.316E-03
       27400  2.126069E+02  6.357E-03  0.000E+00  0.000E+00  0.000E+00  4.329E-03
       27500  2.132426E+02  6.357E-03  0.000E+00  0.000E+00  0.000E+00  4.343E-03
       27600  2.138784E+02  6.357E-03  0.000E+00  0.000E+00  0.000E+00  4.356E-03
       27700  2.145141E+02  6.357E-03  0.000E+00  0.000E+00  0.000E+00  4.370E-03
       27800  2.151498E+02  6.357E-03  0.000E+00  0.000E+00  0.000E+00  4.383E-03
       27900  2.157856E+02  6.357E-03  0.000E+00  0.000E+00  0.000E+00  4.397E-03
       28000  2.164213E+02  6.357E-03  0.000E+00  0.000E+00  0.000E+00  4.410E-03
       28100  2.170571E+02  6.357E-03  0.000E+00  0.000E+00  0.000E+00  4.424E-03
       28200  2.176928E+02  6.357E-03  0.000E+00  0.000E+00  0.000E+00  4.437E-03
       28300  2.183286E+02  6.357E-03  0.000E+00  0.000E+00  0.000E+00  4.451E-03
       28400  2.189643E+02  6.357E-03  0.000E+00  0.000E+00  0.000E+00  4.464E-03
       28500  2.196001E+02  6.357E-03  0.000E+00  0.000E+00  0.000E+00  4.478E-03
       28600  2.202358E+02  6.357E-03  0.000E+00  0.000E+00  0.000E+00  4.491E-03
       28700  2.208716E+02  6.357E-03  0.000E+00  0.000E+00  0.000E+00  4.505E-03
       28800  2.215073E+02  6.357E-03  0.000E+00  0.000E+00  0.000E+00  4.518E-03
       28900  2.221431E+02  6.357E-03  0.000E+00  0.000E+00  0.000E+00  4.532E-03
       29000  2.227788E+02  6.357E-03  0.000E+00  0.000E+00  0.000E+00  4.545E-03
       29100  2.234145E+02  6.357E-03  0.000E+00  0.000E+00  0.000E+00  4.559E-03
       29200  2.240503E+02  6.357E-03  0.000E+00  0.000E+00  0.000E+00  4.572E-03
       29300  2.246860E+02  6.357E-03  0.000E+00  0.000E+00  0.000E+00  4.586E-03
       29400  2.253218E+02  6.357E-03  0.000E+00  0.000E+00  0.000E+00  4.599E-03
       29500  2.259575E+02  6.357E-03  0.000E+00  0.000E+00  0.000E+00  4.613E-03
       29600  2.265933E+02  6.357E-03  0.000E+00  0.000E+00  0.000E+00  4.626E-03
       29700  2.272290E+02  6.357E-03  0.000E+00  0.000E+00  0.000E+00  4.640E-03
       29800  2.278648E+02  6.357E-03  0.000E+00  0.000E+00  0.000E+00  4.653E-03
       29900  2.285005E+02  6.357E-03  0.000E+00  0.000E+00  0.000E+00  4.667E-03
       30000  2.291363E+02  6.357E-03  0.000E+00  0.000E+00  0.000E+00  4.680E-03
       30100  2.297720E+02  6.357E-03  0.000E+00  0.000E+00  0.000E+00  4.694E-03
       30200  2.304077E+02  6.357E-03  0.000E+00  0.000E+00  0.000E+00  4.707E-03
       30300  2.310435E+02  6.357E-03  0.000E+00  0.000E+00  0.000E+00  4.721E-03
       30400  2.316792E+02  6.357E-03  0.000E+00  0.000E+00  0.000E+00  4.734E-03
       30500  2.323150E+02  6.357E-03  0.000E+00  0.000E+00  0.000E+00  4.748E-03
       30600  2.329507E+02  6.357E-03  0.000E+00  0.000E+00  0.000E+00  4.761E-03
       30700  2.335865E+02  6.357E-03  0.000E+00  0.000E+00  0.000E+00  4.775E-03
       30800  2.342222E+02  6.357E-03  0.000E+00  0.000E+00  0.000E+00  4.788E-03
       30900  2.348580E+02  6.357E-03  0.000E+00  0.000E+00  0.000E+00  4.802E-03
       31000  2.354937E+02  6.357E-03  0.000E+00  0.000E+00  0.000E+00  4.815E-03
       31100  2.361295E+02  6.357E-03  0.000E+00  0.000E+00  0.000E+00  4.829E-03
       31200  2.367652E+02  6.357E-03  0.000E+00  0.000E+00  0.000E+00  4.842E-03
       31300  2.374009E+02  6.357E-03  0.000E+00  0.000E+00  0.000E+00  4.856E-03
       31400  2.380367E+02  6.357E-03  0.000E+00  0.000E+00  0.000E+00  4.869E-03
       31500  2.386724E+02  6.357E-03  0.000E+00  0.000E+00  0.000E+00  4.883E-03
       31600  2.393082E+02  6.357E-03  0.000E+00  0.000E+00  0.000E+00  4.896E-03
       31700  2.399439E+02  6.357E-03  0.000E+00  0.000E+00  0.000E+00  4.910E-03
       31800  2.405797E+02  6.357E-03  0.000E+00  0.000E+00  0.000E+00  4.923E-03
       31900  2.412154E+02  6.357E-03  0.000E+00  0.000E+00  0.000E+00  4.937E-03
       32000  2.418512E+02  6.357E-03  0.000E+00  0.000E+00  0.000E+00  4.950E-03
       32100  2.424869E+02  6.357E-03  0.000E+00  0.000E+00  0.000E+00  4.964E-03
       32200  2.431227E+02  6.357E-03  0.000E+00  0.000E+00  0.000E+00  4.978E-03
       32300  2.437584E+02  6.357E-03  0.000E+00  0.000E+00  0.000E+00  4.991E-03
       32400  2.443941E+02  6.357E-03  0.000E+00  0.000E+00  0.000E+00  5.005E-03
       32500  2.450299E+02  6.357E-03  0.000E+00  0.000E+00  0.000E+00  5.018E-03
       32600  2.456656E+02  6.357E-03  0.000E+00  0.000E+00  0.000E+00  5.032E-03
       32700  2.463014E+02  6.357E-03  0.000E+00  0.000E+00  0.000E+00  5.045E-03
       32800  2.469371E+02  6.357E-03  0.000E+00  0.000E+00  0.000E+00  5.059E-03
       32900  2.475729E+02  6.357E-03  0.000E+00  0.000E+00  0.000E+00  5.072E-03
       33000  2.482086E+02  6.357E-03  0.000E+00  0.000E+00  0.000E+00  5.086E-03
       33100  2.488444E+02  6.357E-03  0.000E+00  0.000E+00  0.000E+00  5.099E-03
       33200  2.494801E+02  6.357E-03  0.000E+00  0.000E+00  0.000E+00  5.113E-03
       33300  2.501159E+02  6.357E-03  0.000E+00  0.000E+00  0.000E+00  5.126E-03
       33400  2.507516E+02  6.357E-03  0.000E+00  0.000E+00  0.000E+00  5.140E-03
       33500  2.513873E+02  6.357E-03  0.000E+00  0.000E+00  0.000E+00  5.153E-03
       33600  2.520231E+02  6.357E-03  0.000E+00  0.000E+00  0.000E+00  5.167E-03
       33700  2.526588E+02  6.357E-03  0.000E+00  0.000E+00  0.000E+00  5.180E-03
       33800  2.532946E+02  6.357E-03  0.000E+00  0.000E+00  0.000E+00  5.194E-03
       33900  2.539303E+02  6.357E-03  0.000E+00  0.000E+00  0.000E+00  5.207E-03
       34000  2.545661E+02  6.357E-03  0.000E+00  0.000E+00  0.000E+00  5.221E-03
       34100  2.552018E+02  6.357E-03  0.000E+00  0.000E+00  0.000E+00  5.234E-03
       34200  2.558376E+02  6.357E-03  0.000E+00  0.000E+00  0.000E+00  5.248E-03
       34300  2.564733E+02  6.357E-03  0.000E+00  0.000E+00  0.000E+00  5.261E-03
       34400  2.571091E+02  6.357E-03  0.000E+00  0.000E+00  0.000E+00  5.275E-03
       34500  2.577448E+02  6.357E-03  0.000E+00  0.000E+00  0.000E+00  5.288E-03
       34600  2.583805E+02  6.357E-03  0.000E+00  0.000E+00  0.000E+00  5.302E-03
       34700  2.590163E+02  6.357E-03  0.000E+00  0.000E+00  0.000E+00  5.315E-03
       34800  2.596520E+02  6.357E-03  0.000E+00  0.000E+00  0.000E+00  5.329E-03
       34900  2.602878E+02  6.357E-03  0.000E+00  0.000E+00  0.000E+00  5.342E-03
       35000  2.609235E+02  6.357E-03  0.000E+00  0.000E+00  0.000E+00  5.356E-03
       35100  2.615593E+02  6.357E-03  0.000E+00  0.000E+00  0.000E+00  5.369E-03
       35200  2.621950E+02  6.357E-03  0.000E+00  0.000E+00  0.000E+00  5.383E-03
       35300  2.628308E+02  6.357E-03  0.000E+00  0.000E+00  0.000E+00  5.396E-03
       35400  2.634665E+02  6.357E-03  0.000E+00  0.000E+00  0.000E+00  5.410E-03
       35500  2.641023E+02  6.357E-03  0.000E+00  0.000E+00  0.000E+00  5.423E-03
       35600  2.647380E+02  6.357E-03  0.000E+00  0.000E+00  0.000E+00  5.437E-03
       35700  2.653738E+02  6.357E-03  0.000E+00  0.000E+00  0.000E+00  5.450E-03
       35800  2.660095E+02  6.357E-03  0.000E+00  0.000E+00  0.000E+00  5.464E-03
       35900  2.666452E+02  6.357E-03  0.000E+00  0.000E+00  0.000E+00  5.477E-03
       36000  2.672810E+02  6.357E-03  0.000E+00  0.000E+00  0.000E+00  5.491E-03
       36100  2.679167E+02  6.357E-03  0.000E+00  0.000E+00  0.000E+00  5.504E-03
       36200  2.685525E+02  6.357E-03  0.000E+00  0.000E+00  0.000E+00  5.518E-03
       36300  2.691882E+02  6.357E-03  0.000E+00  0.000E+00  0.000E+00  5.531E-03
       36400  2.698240E+02  6.357E-03  0.000E+00  0.000E+00  0.000E+00  5.545E-03
       36500  2.704597E+02  6.357E-03  0.000E+00  0.000E+00  0.000E+00  5.558E-03
       36600  2.710955E+02  6.357E-03  0.000E+00  0.000E+00  0.000E+00  5.572E-03
       36700  2.717312E+02  6.357E-03  0.000E+00  0.000E+00  0.000E+00  5.585E-03
       36800  2.723670E+02  6.357E-03  0.000E+00  0.000E+00  0.000E+00  5.599E-03
       36900  2.730027E+02  6.357E-03  0.000E+00  0.000E+00  0.000E+00  5.612E-03
       37000  2.736384E+02  6.357E-03  0.000E+00  0.000E+00  0.000E+00  5.626E-03
       37100  2.742742E+02  6.357E-03  0.000E+00  0.000E+00  0.000E+00  5.639E-03
       37200  2.749099E+02  6.357E-03  0.000E+00  0.000E+00  0.000E+00  5.653E-03
       37300  2.755457E+02  6.357E-03  0.000E+00  0.000E+00  0.000E+00  5.666E-03
       37400  2.761814E+02  6.357E-03  0.000E+00  0.000E+00  0.000E+00  5.680E-03
       37500  2.768172E+02  6.357E-03  0.000E+00  0.000E+00  0.000E+00  5.693E-03
       37600  2.774529E+02  6.357E-03  0.000E+00  0.000E+00  0.000E+00  5.707E-03
       37700  2.780887E+02  6.357E-03  0.000E+00  0.000E+00  0.000E+00  5.720E-03
       37800  2.787244E+02  6.357E-03  0.000E+00  0.000E+00  0.000E+00  5.734E-03
       37900  2.793602E+02  6.357E-03  0.000E+00  0.000E+00  0.000E+00  5.747E-03
       38000  2.799959E+02  6.357E-03  0.000E+00  0.000E+00  0.000E+00  5.761E-03
       38100  2.806316E+02  6.357E-03  0.000E+00  0.000E+00  0.000E+00  5.774E-03
       38200  2.812674E+02  6.357E-03  0.000E+00  0.000E+00  0.000E+00  5.788E-03
       38300  2.819031E+02  6.357E-03  0.000E+00  0.000E+00  0.000E+00  5.801E-03
       38400  2.825389E+02  6.357E-03  0.000E+00  0.000E+00  0.000E+00  5.815E-03
       38500  2.831746E+02  6.357E-03  0.000E+00  0.000E+00  0.000E+00  5.828E-03
       38600  2.838104E+02  6.357E-03  0.000E+00  0.000E+00  0.000E+00  5.842E-03
       38700  2.844461E+02  6.357E-03  0.000E+00  0.000E+00  0.000E+00  5.855E-03
       38800  2.850819E+02  6.357E-03  0.000E+00  0.000E+00  0.000E+00  5.869E-03
       38900  2.857176E+02  6.357E-03  0.000E+00  0.000E+00  0.000E+00  5.883E-03
       39000  2.863534E+02  6.357E-03  0.000E+00  0.000E+00  0.000E+00  5.896E-03
       39100  2.869891E+02  6.357E-03  0.000E+00  0.000E+00  0.000E+00  5.910E-03
       39200  2.876248E+02  6.357E-03  0.000E+00  0.000E+00  0.000E+00  5.923E-03
       39300  2.882606E+02  6.357E-03  0.000E+00  0.000E+00  0.000E+00  5.937E-03
       39400  2.888963E+02  6.357E-03  0.000E+00  0.000E+00  0.000E+00  5.950E-03
       39500  2.895321E+02  6.357E-03  0.000E+00  0.000E+00  0.000E+00  5.964E-03
       39600  2.901678E+02  6.357E-03  0.000E+00  0.000E+00  0.000E+00  5.977E-03
       39700  2.908036E+02  6.357E-03  0.000E+00  0.000E+00  0.000E+00  5.991E-03
       39800  2.914393E+02  6.357E-03  0.000E+00  0.000E+00  0.000E+00  6.004E-03
       39900  2.920751E+02  6.357E-03  0.000E+00  0.000E+00  0.000E+00  6.018E-03
       40000  2.927108E+02  6.357E-03  0.000E+00  0.000E+00  0.000E+00  6.031E-03
       40100  2.933466E+02  6.357E-03  0.000E+00  0.000E+00  0.000E+00  6.045E-03
       40200  2.939823E+02  6.357E-03  0.000E+00  0.000E+00  0.000E+00  6.058E-03
       40300  2.946180E+02  6.357E-03  0.000E+00  0.000E+00  0.000E+00  6.072E-03
       40400  2.952538E+02  6.357E-03  0.000E+00  0.000E+00  0.000E+00  6.085E-03
       40500  2.958895E+02  6.357E-03  0.000E+00  0.000E+00  0.000E+00  6.099E-03
       40600  2.965253E+02  6.357E-03  0.000E+00  0.000E+00  0.000E+00  6.112E-03
       40700  2.971610E+02  6.357E-03  0.000E+00  0.000E+00  0.000E+00  6.126E-03
       40800  2.977968E+02  6.357E-03  0.000E+00  0.000E+00  0.000E+00  6.139E-03
       40900  2.984325E+02  6.357E-03  0.000E+00  0.000E+00  0.000E+00  6.153E-03
       41000  2.990683E+02  6.357E-03  0.000E+00  0.000E+00  0.000E+00  6.166E-03
       41100  2.997040E+02  6.357E-03  0.000E+00  0.000E+00  0.000E+00  6.180E-03
       41200  3.003398E+02  6.357E-03  0.000E+00  0.000E+00  0.000E+00  6.193E-03
       41300  3.009755E+02  6.357E-03  0.000E+00  0.000E+00  0.000E+00  6.207E-03
       41400  3.016112E+02  6.357E-03  0.000E+00  0.000E+00  0.000E+00  6.220E-03
       41500  3.022470E+02  6.357E-03  0.000E+00  0.000E+00  0.000E+00  6.234E-03
       41600  3.028827E+02  6.357E-03  0.000E+00  0.000E+00  0.000E+00  6.247E-03
       41700  3.035185E+02  6.357E-03  0.000E+00  0.000E+00  0.000E+00  6.261E-03
       41800  3.041542E+02  6.357E-03  0.000E+00  0.000E+00  0.000E+00  6.274E-03
       41900  3.047900E+02  6.357E-03  0.000E+00  0.000E+00  0.000E+00  6.288E-03
       42000  3.054257E+02  6.357E-03  0.000E+00  0.000E+00  0.000E+00  6.301E-03
       42100  3.060615E+02  6.357E-03  0.000E+00  0.000E+00  0.000E+00  6.315E-03
       42200  3.066972E+02  6.357E-03  0.000E+00  0.000E+00  0.000E+00  6.328E-03
       42300  3.073330E+02  6.357E-03  0.000E+00  0.000E+00  0.000E+00  6.342E-03
       42400  3.079687E+02  6.357E-03  0.000E+00  0.000E+00  0.000E+00  6.355E-03
       42500  3.086045E+02  6.357E-03  0.000E+00  0.000E+00  0.000E+00  6.369E-03
       42600  3.092402E+02  6.357E-03  0.000E+00  0.000E+00  0.000E+00  6.382E-03
       42700  3.098759E+02  6.357E-03  0.000E+00  0.000E+00  0.000E+00  6.396E-03
       42800  3.105117E+02  6.357E-03  0.000E+00  0.000E+00  0.000E+00  6.409E-03
       42900  3.111474E+02  6.357E-03  0.000E+00  0.000E+00  0.000E+00  6.423E-03
       43000  3.117832E+02  6.357E-03  0.000E+00  0.000E+00  0.000E+00  6.436E-03
       43100  3.124189E+02  6.357E-03  0.000E+00  0.000E+00  0.000E+00  6.450E-03
       43200  3.130547E+02  6.357E-03  0.000E+00  0.000E+00  0.000E+00  6.463E-03
       43300  3.136904E+02  6.357E-03  0.000E+00  0.000E+00  0.000E+00  6.477E-03
       43400  3.143262E+02  6.357E-03  0.000E+00  0.000E+00  0.000E+00  6.490E-03
       43500  3.149619E+02  6.357E-03  0.000E+00  0.000E+00  0.000E+00  6.504E-03
       43600  3.155977E+02  6.357E-03  0.000E+00  0.000E+00  0.000E+00  6.517E-03
       43700  3.162334E+02  6.357E-03  0.000E+00  0.000E+00  0.000E+00  6.531E-03
       43800  3.168691E+02  6.357E-03  0.000E+00  0.000E+00  0.000E+00  6.544E-03
       43900  3.175049E+02  6.357E-03  0.000E+00  0.000E+00  0.000E+00  6.558E-03
       44000  3.181406E+02  6.357E-03  0.000E+00  0.000E+00  0.000E+00  6.571E-03
       44100  3.187764E+02  6.357E-03  0.000E+00  0.000E+00  0.000E+00  6.585E-03
       44200  3.194121E+02  6.357E-03  0.000E+00  0.000E+00  0.000E+00  6.598E-03
       44300  3.200479E+02  6.357E-03  0.000E+00  0.000E+00  0.000E+00  6.612E-03
       44400  3.206836E+02  6.357E-03  0.000E+00  0.000E+00  0.000E+00  6.625E-03
       44500  3.213194E+02  6.357E-03  0.000E+00  0.000E+00  0.000E+00  6.639E-03
       44600  3.219551E+02  6.357E-03  0.000E+00  0.000E+00  0.000E+00  6.652E-03
       44700  3.225909E+02  6.357E-03  0.000E+00  0.000E+00  0.000E+00  6.666E-03
       44800  3.232266E+02  6.357E-03  0.000E+00  0.000E+00  0.000E+00  6.679E-03
       44900  3.238623E+02  6.357E-03  0.000E+00  0.000E+00  0.000E+00  6.693E-03
       45000  3.244981E+02  6.357E-03  0.000E+00  0.000E+00  0.000E+00  6.706E-03
       45100  3.251338E+02  6.357E-03  0.000E+00  0.000E+00  0.000E+00  6.720E-03
       45200  3.257696E+02  6.357E-03  0.000E+00  0.000E+00  0.000E+00  6.733E-03
       45300  3.264053E+02  6.357E-03  0.000E+00  0.000E+00  0.000E+00  6.747E-03
       45400  3.270411E+02  6.357E-03  0.000E+00  0.000E+00  0.000E+00  6.761E-03
       45500  3.276768E+02  6.357E-03  0.000E+00  0.000E+00  0.000E+00  6.774E-03
       45600  3.283126E+02  6.357E-03  0.000E+00  0.000E+00  0.000E+00  6.788E-03
       45700  3.289483E+02  6.357E-03  0.000E+00  0.000E+00  0.000E+00  6.801E-03
       45800  3.295841E+02  6.357E-03  0.000E+00  0.000E+00  0.000E+00  6.815E-03
       45900  3.302198E+02  6.357E-03  0.000E+00  0.000E+00  0.000E+00  6.828E-03
       46000  3.308555E+02  6.357E-03  0.000E+00  0.000E+00  0.000E+00  6.842E-03
       46100  3.314913E+02  6.357E-03  0.000E+00  0.000E+00  0.000E+00  6.855E-03
       46200  3.321270E+02  6.357E-03  0.000E+00  0.000E+00  0.000E+00  6.869E-03
       46300  3.327628E+02  6.357E-03  0.000E+00  0.000E+00  0.000E+00  6.882E-03
       46400  3.333985E+02  6.357E-03  0.000E+00  0.000E+00  0.000E+00  6.896E-03
       46500  3.340343E+02  6.357E-03  0.000E+00  0.000E+00  0.000E+00  6.909E-03
       46600  3.346700E+02  6.357E-03  0.000E+00  0.000E+00  0.000E+00  6.923E-03
       46700  3.353058E+02  6.357E-03  0.000E+00  0.000E+00  0.000E+00  6.936E-03
       46800  3.359415E+02  6.357E-03  0.000E+00  0.000E+00  0.000E+00  6.950E-03
       46900  3.365773E+02  6.357E-03  0.000E+00  0.000E+00  0.000E+00  6.963E-03
       47000  3.372130E+02  6.357E-03  0.000E+00  0.000E+00  0.000E+00  6.977E-03
       47100  3.378487E+02  6.357E-03  0.000E+00  0.000E+00  0.000E+00  6.990E-03
       47200  3.384845E+02  6.357E-03  0.000E+00  0.000E+00  0.000E+00  7.004E-03
       47300  3.391202E+02  6.357E-03  0.000E+00  0.000E+00  0.000E+00  7.017E-03
       47400  3.397560E+02  6.357E-03  0.000E+00  0.000E+00  0.000E+00  7.031E-03
       47500  3.403917E+02  6.357E-03  0.000E+00  0.000E+00  0.000E+00  7.044E-03
       47600  3.410275E+02  6.357E-03  0.000E+00  0.000E+00  0.000E+00  7.058E-03
       47700  3.416632E+02  6.357E-03  0.000E+00  0.000E+00  0.000E+00  7.071E-03
       47800  3.422990E+02  6.357E-03  0.000E+00  0.000E+00  0.000E+00  7.085E-03
       47900  3.429347E+02  6.357E-03  0.000E+00  0.000E+00  0.000E+00  7.098E-03
       48000  3.435705E+02  6.357E-03  0.000E+00  0.000E+00  0.000E+00  7.112E-03
       48100  3.442062E+02  6.357E-03  0.000E+00  0.000E+00  0.000E+00  7.125E-03
       48200  3.448419E+02  6.357E-03  0.000E+00  0.000E+00  0.000E+00  7.139E-03
       48300  3.454777E+02  6.357E-03  0.000E+00  0.000E+00  0.000E+00  7.152E-03
       48400  3.461134E+02  6.357E-03  0.000E+00  0.000E+00  0.000E+00  7.166E-03
       48500  3.467492E+02  6.357E-03  0.000E+00  0.000E+00  0.000E+00  7.179E-03
       48600  3.473849E+02  6.357E-03  0.000E+00  0.000E+00  0.000E+00  7.193E-03
       48700  3.480207E+02  6.357E-03  0.000E+00  0.000E+00  0.000E+00  7.206E-03
       48800  3.486564E+02  6.357E-03  0.000E+00  0.000E+00  0.000E+00  7.220E-03
       48900  3.492922E+02  6.357E-03  0.000E+00  0.000E+00  0.000E+00  7.233E-03
       49000  3.499279E+02  6.357E-03  0.000E+00  0.000E+00  0.000E+00  7.247E-03
       49100  3.505637E+02  6.357E-03  0.000E+00  0.000E+00  0.000E+00  7.260E-03
       49200  3.511994E+02  6.357E-03  0.000E+00  0.000E+00  0.000E+00  7.274E-03
       49300  3.518352E+02  6.357E-03  0.000E+00  0.000E+00  0.000E+00  7.287E-03
       49400  3.524709E+02  6.357E-03  0.000E+00  0.000E+00  0.000E+00  7.301E-03
       49500  3.531066E+02  6.357E-03  0.000E+00  0.000E+00  0.000E+00  7.314E-03
       49600  3.537424E+02  6.357E-03  0.000E+00  0.000E+00  0.000E+00  7.328E-03
       49700  3.543781E+02  6.357E-03  0.000E+00  0.000E+00  0.000E+00  7.341E-03
       49800  3.550139E+02  6.357E-03  0.000E+00  0.000E+00  0.000E+00  7.355E-03
       49900  3.556496E+02  6.357E-03  0.000E+00  0.000E+00  0.000E+00  7.368E-03
       50000  3.562854E+02  6.357E-03  0.000E+00  0.000E+00  0.000E+00  7.382E-03
       50100  3.569211E+02  6.357E-03  0.000E+00  0.000E+00  0.000E+00  7.395E-03
       50200  3.575569E+02  6.357E-03  0.000E+00  0.000E+00  0.000E+00  7.409E-03
       50300  3.581926E+02  6.357E-03  0.000E+00  0.000E+00  0.000E+00  7.422E-03
       50400  3.588284E+02  6.357E-03  0.000E+00  0.000E+00  0.000E+00  7.436E-03
       50500  3.594641E+02  6.357E-03  0.000E+00  0.000E+00  0.000E+00  7.449E-03
       50600  3.600998E+02  6.357E-03  0.000E+00  0.000E+00  0.000E+00  7.463E-03
       50700  3.607356E+02  6.357E-03  0.000E+00  0.000E+00  0.000E+00  7.476E-03
       50800  3.613713E+02  6.357E-03  0.000E+00  0.000E+00  0.000E+00  7.490E-03
       50900  3.620071E+02  6.357E-03  0.000E+00  0.000E+00  0.000E+00  7.503E-03
       51000  3.626428E+02  6.357E-03  0.000E+00  0.000E+00  0.000E+00  7.517E-03
       51100  3.632786E+02  6.357E-03  0.000E+00  0.000E+00  0.000E+00  7.530E-03
       51200  3.639143E+02  6.357E-03  0.000E+00  0.000E+00  0.000E+00  7.544E-03
       51300  3.645501E+02  6.357E-03  0.000E+00  0.000E+00  0.000E+00  7.557E-03
       51400  3.651858E+02  6.357E-03  0.000E+00  0.000E+00  0.000E+00  7.571E-03
       51500  3.658216E+02  6.357E-03  0.000E+00  0.000E+00  0.000E+00  7.584E-03
       51600  3.664573E+02  6.357E-03  0.000E+00  0.000E+00  0.000E+00  7.598E-03
       51700  3.670930E+02  6.357E-03  0.000E+00  0.000E+00  0.000E+00  7.611E-03
       51800  3.677288E+02  6.357E-03  0.000E+00  0.000E+00  0.000E+00  7.625E-03
       51900  3.683645E+02  6.357E-03  0.000E+00  0.000E+00  0.000E+00  7.638E-03
       52000  3.690003E+02  6.357E-03  0.000E+00  0.000E+00  0.000E+00  7.652E-03
       52100  3.696360E+02  6.357E-03  0.000E+00  0.000E+00  0.000E+00  7.666E-03
       52200  3.702718E+02  6.357E-03  0.000E+00  0.000E+00  0.000E+00  7.679E-03
       52300  3.709075E+02  6.357E-03  0.000E+00  0.000E+00  0.000E+00  7.693E-03
       52400  3.715433E+02  6.357E-03  0.000E+00  0.000E+00  0.000E+00  7.706E-03
       52500  3.721790E+02  6.357E-03  0.000E+00  0.000E+00  0.000E+00  7.720E-03
       52600  3.728148E+02  6.357E-03  0.000E+00  0.000E+00  0.000E+00  7.733E-03
       52700  3.734505E+02  6.357E-03  0.000E+00  0.000E+00  0.000E+00  7.747E-03
       52800  3.740862E+02  6.357E-03  0.000E+00  0.000E+00  0.000E+00  7.760E-03
       52900  3.747220E+02  6.357E-03  0.000E+00  0.000E+00  0.000E+00  7.774E-03
       53000  3.753577E+02  6.357E-03  0.000E+00  0.000E+00  0.000E+00  7.787E-03
       53100  3.759935E+02  6.357E-03  0.000E+00  0.000E+00  0.000E+00  7.801E-03
       53200  3.766292E+02  6.357E-03  0.000E+00  0.000E+00  0.000E+00  7.814E-03
       53300  3.772650E+02  6.357E-03  0.000E+00  0.000E+00  0.000E+00  7.828E-03
       53400  3.779007E+02  6.357E-03  0.000E+00  0.000E+00  0.000E+00  7.841E-03
       53500  3.785365E+02  6.357E-03  0.000E+00  0.000E+00  0.000E+00  7.855E-03
       53600  3.791722E+02  6.357E-03  0.000E+00  0.000E+00  0.000E+00  7.868E-03
       53700  3.798080E+02  6.357E-03  0.000E+00  0.000E+00  0.000E+00  7.882E-03
       53800  3.804437E+02  6.357E-03  0.000E+00  0.000E+00  0.000E+00  7.895E-03
       53900  3.810794E+02  6.357E-03  0.000E+00  0.000E+00  0.000E+00  7.909E-03
       54000  3.817152E+02  6.357E-03  0.000E+00  0.000E+00  0.000E+00  7.922E-03
       54100  3.823509E+02  6.357E-03  0.000E+00  0.000E+00  0.000E+00  7.936E-03
       54200  3.829867E+02  6.357E-03  0.000E+00  0.000E+00  0.000E+00  7.949E-03
       54300  3.836224E+02  6.357E-03  0.000E+00  0.000E+00  0.000E+00  7.963E-03
       54400  3.842582E+02  6.357E-03  0.000E+00  0.000E+00  0.000E+00  7.976E-03
       54500  3.848939E+02  6.357E-03  0.000E+00  0.000E+00  0.000E+00  7.990E-03
       54600  3.855297E+02  6.357E-03  0.000E+00  0.000E+00  0.000E+00  8.003E-03
       54700  3.861654E+02  6.357E-03  0.000E+00  0.000E+00  0.000E+00  8.017E-03
       54800  3.868012E+02  6.357E-03  0.000E+00  0.000E+00  0.000E+00  8.030E-03
       54900  3.874369E+02  6.357E-03  0.000E+00  0.000E+00  0.000E+00  8.044E-03
       55000  3.880726E+02  6.357E-03  0.000E+00  0.000E+00  0.000E+00  8.057E-03
       55100  3.887084E+02  6.357E-03  0.000E+00  0.000E+00  0.000E+00  8.071E-03
       55200  3.893441E+02  6.357E-03  0.000E+00  0.000E+00  0.000E+00  8.084E-03
       55300  3.899799E+02  6.357E-03  0.000E+00  0.000E+00  0.000E+00  8.098E-03
       55400  3.906156E+02  6.357E-03  0.000E+00  0.000E+00  0.000E+00  8.111E-03
       55500  3.912514E+02  6.357E-03  0.000E+00  0.000E+00  0.000E+00  8.125E-03
       55600  3.918871E+02  6.357E-03  0.000E+00  0.000E+00  0.000E+00  8.138E-03
       55700  3.925229E+02  6.357E-03  0.000E+00  0.000E+00  0.000E+00  8.152E-03
       55800  3.931586E+02  6.357E-03  0.000E+00  0.000E+00  0.000E+00  8.165E-03
       55900  3.937944E+02  6.357E-03  0.000E+00  0.000E+00  0.000E+00  8.179E-03
       56000  3.944301E+02  6.357E-03  0.000E+00  0.000E+00  0.000E+00  8.192E-03
       56100  3.950659E+02  6.357E-03  0.000E+00  0.000E+00  0.000E+00  8.206E-03
       56200  3.957016E+02  6.357E-03  0.000E+00  0.000E+00  0.000E+00  8.219E-03
       56300  3.963373E+02  6.357E-03  0.000E+00  0.000E+00  0.000E+00  8.233E-03
       56400  3.969731E+02  6.357E-03  0.000E+00  0.000E+00  0.000E+00  8.246E-03
       56500  3.976088E+02  6.357E-03  0.000E+00  0.000E+00  0.000E+00  8.260E-03
       56600  3.982446E+02  6.357E-03  0.000E+00  0.000E+00  0.000E+00  8.273E-03
       56700  3.988803E+02  6.357E-03  0.000E+00  0.000E+00  0.000E+00  8.287E-03
       56800  3.995161E+02  6.357E-03  0.000E+00  0.000E+00  0.000E+00  8.300E-03
       56900  4.001518E+02  6.357E-03  0.000E+00  0.000E+00  0.000E+00  8.314E-03
       57000  4.007876E+02  6.357E-03  0.000E+00  0.000E+00  0.000E+00  8.327E-03
       57100  4.014233E+02  6.357E-03  0.000E+00  0.000E+00  0.000E+00  8.341E-03
       57200  4.020591E+02  6.357E-03  0.000E+00  0.000E+00  0.000E+00  8.354E-03
       57300  4.026948E+02  6.357E-03  0.000E+00  0.000E+00  0.000E+00  8.368E-03
       57400  4.033305E+02  6.357E-03  0.000E+00  0.000E+00  0.000E+00  8.381E-03
       57500  4.039663E+02  6.357E-03  0.000E+00  0.000E+00  0.000E+00  8.395E-03
       57600  4.046020E+02  6.357E-03  0.000E+00  0.000E+00  0.000E+00  8.408E-03
       57700  4.052378E+02  6.357E-03  0.000E+00  0.000E+00  0.000E+00  8.422E-03
       57800  4.058735E+02  6.357E-03  0.000E+00  0.000E+00  0.000E+00  8.435E-03
       57900  4.065093E+02  6.357E-03  0.000E+00  0.000E+00  0.000E+00  8.449E-03
       58000  4.071450E+02  6.357E-03  0.000E+00  0.000E+00  0.000E+00  8.462E-03
       58100  4.077808E+02  6.357E-03  0.000E+00  0.000E+00  0.000E+00  8.476E-03
       58200  4.084165E+02  6.357E-03  0.000E+00  0.000E+00  0.000E+00  8.489E-03
       58300  4.090523E+02  6.357E-03  0.000E+00  0.000E+00  0.000E+00  8.503E-03
       58400  4.096880E+02  6.357E-03  0.000E+00  0.000E+00  0.000E+00  8.516E-03
       58500  4.103237E+02  6.357E-03  0.000E+00  0.000E+00  0.000E+00  8.530E-03
       58600  4.109595E+02  6.357E-03  0.000E+00  0.000E+00  0.000E+00  8.543E-03
       58700  4.115952E+02  6.357E-03  0.000E+00  0.000E+00  0.000E+00  8.557E-03
       58800  4.122310E+02  6.357E-03  0.000E+00  0.000E+00  0.000E+00  8.571E-03
       58900  4.128667E+02  6.357E-03  0.000E+00  0.000E+00  0.000E+00  8.584E-03
       59000  4.135025E+02  6.357E-03  0.000E+00  0.000E+00  0.000E+00  8.598E-03
       59100  4.141382E+02  6.357E-03  0.000E+00  0.000E+00  0.000E+00  8.611E-03
       59200  4.147740E+02  6.357E-03  0.000E+00  0.000E+00  0.000E+00  8.625E-03
       59300  4.154097E+02  6.357E-03  0.000E+00  0.000E+00  0.000E+00  8.638E-03
       59400  4.160455E+02  6.357E-03  0.000E+00  0.000E+00  0.000E+00  8.652E-03
       59500  4.166812E+02  6.357E-03  0.000E+00  0.000E+00  0.000E+00  8.665E-03
       59600  4.173169E+02  6.357E-03  0.000E+00  0.000E+00  0.000E+00  8.679E-03
       59700  4.179527E+02  6.357E-03  0.000E+00  0.000E+00  0.000E+00  8.692E-03
       59800  4.185884E+02  6.357E-03  0.000E+00  0.000E+00  0.000E+00  8.706E-03
       59900  4.192242E+02  6.357E-03  0.000E+00  0.000E+00  0.000E+00  8.719E-03
       60000  4.198599E+02  6.357E-03  0.000E+00  0.000E+00  0.000E+00  8.733E-03
       60023  4.200000E+02  2.063E-04  2.725E-22  0.000E+00  0.000E+00  8.736E-03
