

   Iteration      Time   TimeStep    Diff.Hf    Diff.Tw   Diff.Mice  MiceTotal
           0  1.260000E+03  0.000E+00  0.000E+00  0.000E+00  0.000E+00  2.007E-02
           1  1.260001E+03  6.838E-04  3.057E-04  5.870E+00  5.384E+00  2.007E-02
           2  1.260001E+03  6.838E-04  3.140E-04  0.000E+00  5.384E+00  2.007E-02
           3  1.260002E+03  6.838E-04  2.962E-04  0.000E+00  1.770E-10  2.007E-02
           4  1.260003E+03  9.976E-04  1.107E-04  0.000E+00  1.213E-10  2.007E-02
           5  1.260004E+03  1.020E-03  6.265E-05  0.000E+00  1.728E-10  2.007E-02
           6  1.260005E+03  1.142E-03  4.159E-05  0.000E+00  1.578E-10  2.007E-02
           7  1.260006E+03  1.142E-03  3.664E-05  0.000E+00  1.764E-10  2.007E-02
           8  1.260008E+03  1.170E-03  3.197E-05  0.000E+00  1.719E-10  2.007E-02
           9  1.260009E+03  1.202E-03  2.694E-05  0.000E+00  1.713E-10  2.007E-02
          10  1.260010E+03  1.348E-03  2.313E-05  0.000E+00  1.567E-10  2.007E-02
         100  1.260340E+03  3.934E-03  1.150E-06  9.184E-03  5.180E-05  2.007E-02
         200  1.260733E+03  3.934E-03  4.321E-07  4.345E-03  2.782E-06  2.007E-02
         300  1.261126E+03  3.934E-03  1.867E-07  5.376E-03  8.954E-07  2.007E-02
         400  1.261520E+03  3.934E-03  1.424E-07  4.288E-03  7.691E-07  2.007E-02
         500  1.261913E+03  3.934E-03  1.408E-07  4.369E-03  2.156E-07  2.007E-02
         600  1.262307E+03  3.934E-03  1.429E-07  4.776E-03  1.445E-06  2.007E-02
         700  1.262700E+03  3.934E-03  1.431E-07  2.623E-03  7.587E-07  2.008E-02
         800  1.263093E+03  3.934E-03  1.425E-07  3.828E-03  1.440E-06  2.008E-02
         900  1.263487E+03  3.934E-03  2.946E-08  3.307E-03  6.418E-07  2.008E-02
        1000  1.263880E+03  3.934E-03  2.637E-08  4.748E-03  9.608E-07  2.008E-02
        1100  1.264273E+03  3.934E-03  2.635E-08  4.363E-03  4.546E-07  2.008E-02
        1200  1.264667E+03  3.934E-03  2.633E-08  4.038E-03  4.058E-07  2.008E-02
        1300  1.265060E+03  3.934E-03  2.632E-08  5.194E-04  1.419E-07  2.008E-02
        1400  1.265454E+03  3.934E-03  2.631E-08  5.246E-03  3.731E-07  2.009E-02
        1500  1.265847E+03  3.934E-03  2.631E-08  3.032E-03  2.179E-07  2.009E-02
        1600  1.266240E+03  3.934E-03  2.631E-08  1.639E-04  6.425E-09  2.009E-02
        1700  1.266634E+03  3.934E-03  2.631E-08  1.541E-04  4.730E-08  2.009E-02
        1800  1.267027E+03  3.934E-03  2.553E-08  1.869E-04  1.217E-08  2.009E-02
        1900  1.267420E+03  3.934E-03  8.314E-09  1.925E-03  1.525E-07  2.009E-02
        2000  1.267814E+03  3.934E-03  8.178E-09  3.827E-04  4.592E-08  2.009E-02
        2100  1.268207E+03  3.934E-03  8.191E-09  4.124E-04  2.805E-08  2.010E-02
        2200  1.268601E+03  3.934E-03  8.206E-09  2.822E-04  2.816E-08  2.010E-02
        2300  1.268994E+03  3.934E-03  8.222E-09  1.378E-04  2.558E-08  2.010E-02
        2400  1.269387E+03  3.934E-03  8.239E-09  4.280E-03  7.217E-08  2.010E-02
        2500  1.269781E+03  3.934E-03  8.258E-09  9.774E-05  2.105E-08  2.010E-02
        2600  1.270174E+03  3.934E-03  8.276E-09  8.159E-05  3.907E-08  2.010E-02
        2700  1.270567E+03  3.934E-03  8.296E-09  6.752E-05  4.900E-08  2.011E-02
        2800  1.270961E+03  3.934E-03  8.317E-09  5.528E-05  1.305E-08  2.011E-02
        2900  1.271354E+03  3.934E-03  8.341E-09  4.491E-05  1.098E-08  2.011E-02
        3000  1.271748E+03  3.934E-03  8.371E-09  3.697E-05  9.267E-09  2.011E-02
        3100  1.272141E+03  3.934E-03  8.409E-09  3.264E-05  7.876E-09  2.011E-02
        3200  1.272534E+03  3.934E-03  8.463E-09  3.025E-03  4.894E-08  2.011E-02
        3300  1.272928E+03  3.934E-03  8.542E-09  3.817E-05  5.898E-09  2.011E-02
        3400  1.273321E+03  3.934E-03  8.646E-09  3.026E-03  5.666E-08  2.012E-02
        3500  1.273714E+03  3.934E-03  8.756E-09  5.228E-05  4.763E-09  2.012E-02
        3600  1.274108E+03  3.934E-03  8.819E-09  6.022E-05  4.447E-09  2.012E-02
        3700  1.274501E+03  3.934E-03  8.789E-09  6.822E-05  4.266E-09  2.012E-02
        3800  1.274895E+03  3.934E-03  8.690E-09  1.122E-05  3.950E-09  2.012E-02
        3900  1.275288E+03  3.934E-03  8.589E-09  9.952E-06  3.883E-09  2.012E-02
        4000  1.275681E+03  3.934E-03  8.530E-09  3.025E-03  4.812E-08  2.012E-02
        4100  1.276075E+03  3.934E-03  8.507E-09  8.470E-06  3.882E-09  2.013E-02
        4200  1.276468E+03  3.934E-03  8.506E-09  7.833E-06  3.892E-09  2.013E-02
        4300  1.276861E+03  3.934E-03  8.513E-09  7.254E-06  3.889E-09  2.013E-02
        4400  1.277255E+03  3.934E-03  8.524E-09  3.025E-03  4.812E-08  2.013E-02
        4500  1.277648E+03  3.934E-03  8.535E-09  3.025E-03  5.406E-08  2.013E-02
        4600  1.278042E+03  3.934E-03  8.547E-09  3.025E-03  4.811E-08  2.013E-02
        4700  1.278435E+03  3.934E-03  8.558E-09  5.408E-06  3.617E-09  2.013E-02
        4800  1.278828E+03  3.934E-03  8.570E-09  3.025E-03  4.810E-08  2.014E-02
        4900  1.279222E+03  3.934E-03  8.581E-09  3.025E-03  4.808E-08  2.014E-02
        5000  1.279615E+03  3.934E-03  8.591E-09  4.278E-03  4.826E-08  2.014E-02
        5100  1.280008E+03  3.934E-03  8.602E-09  4.278E-03  6.790E-08  2.014E-02
        5200  1.280402E+03  3.934E-03  8.612E-09  3.839E-06  2.789E-09  2.014E-02
        5300  1.280795E+03  3.934E-03  8.623E-09  3.025E-03  6.848E-08  2.014E-02
        5400  1.281189E+03  3.934E-03  8.632E-09  3.368E-06  2.411E-09  2.014E-02
        5500  1.281582E+03  3.934E-03  8.642E-09  3.158E-06  2.223E-09  2.015E-02
        5600  1.281975E+03  3.934E-03  8.652E-09  4.278E-03  4.850E-08  2.015E-02
        5700  1.282369E+03  3.934E-03  8.661E-09  3.025E-03  4.850E-08  2.015E-02
        5800  1.282762E+03  3.934E-03  8.670E-09  2.614E-06  1.708E-09  2.015E-02
        5900  1.283155E+03  3.934E-03  8.679E-09  2.458E-06  1.555E-09  2.015E-02
        6000  1.283549E+03  3.934E-03  6.672E-09  2.312E-06  1.412E-09  2.015E-02
        6100  1.283942E+03  3.934E-03  6.544E-09  2.176E-06  1.279E-09  2.015E-02
        6200  1.284336E+03  3.934E-03  6.552E-09  2.049E-06  1.617E-08  2.016E-02
        6300  1.284729E+03  3.934E-03  6.560E-09  1.930E-06  1.044E-09  2.016E-02
        6400  1.285122E+03  3.934E-03  6.568E-09  1.819E-06  4.812E-08  2.016E-02
        6500  1.285516E+03  3.934E-03  6.576E-09  3.025E-03  2.411E-08  2.016E-02
        6600  1.285909E+03  3.934E-03  6.584E-09  1.618E-06  8.158E-10  2.016E-02
        6700  1.286302E+03  3.934E-03  6.591E-09  1.527E-06  7.301E-10  2.016E-02
        6800  1.286696E+03  3.934E-03  6.599E-09  1.442E-06  6.530E-10  2.017E-02
        6900  1.287089E+03  3.934E-03  6.606E-09  1.362E-06  5.837E-10  2.017E-02
        7000  1.287483E+03  3.934E-03  6.613E-09  1.286E-06  5.216E-10  2.017E-02


   Iteration      Time   TimeStep    Diff.Hf    Diff.Tw   Diff.Mice  MiceTotal
           0  1.287483E+03  0.000E+00  0.000E+00  0.000E+00  0.000E+00  2.017E-02
           1  1.287486E+03  3.934E-03  6.617E-09  1.250E-06  4.925E-10  2.017E-02
           2  1.287490E+03  3.934E-03  6.617E-09  1.249E-06  4.920E-10  2.017E-02
           3  1.287494E+03  3.934E-03  6.617E-09  1.248E-06  4.914E-10  2.017E-02
           4  1.287498E+03  3.934E-03  6.617E-09  1.248E-06  4.909E-10  2.017E-02
           5  1.287502E+03  3.934E-03  6.617E-09  1.247E-06  4.903E-10  2.017E-02
           6  1.287506E+03  3.934E-03  6.617E-09  1.246E-06  4.898E-10  2.017E-02
           7  1.287510E+03  3.934E-03  6.617E-09  1.246E-06  4.892E-10  2.017E-02
           8  1.287514E+03  3.934E-03  6.617E-09  1.245E-06  4.887E-10  2.017E-02
           9  1.287518E+03  3.934E-03  6.617E-09  1.244E-06  4.881E-10  2.017E-02
          10  1.287522E+03  3.934E-03  6.617E-09  1.243E-06  4.876E-10  2.017E-02
         100  1.287876E+03  3.934E-03  6.620E-09  1.212E-06  4.633E-10  2.017E-02
         200  1.288269E+03  3.934E-03  6.627E-09  1.149E-06  4.162E-10  2.017E-02
         300  1.288663E+03  3.934E-03  6.634E-09  1.086E-06  3.717E-10  2.017E-02
         400  1.289056E+03  3.934E-03  6.640E-09  1.028E-06  3.319E-10  2.017E-02
         500  1.289449E+03  3.934E-03  6.646E-09  9.721E-07  2.964E-10  2.018E-02
         600  1.289843E+03  3.934E-03  6.652E-09  9.198E-07  2.646E-10  2.018E-02
         700  1.290236E+03  3.934E-03  6.659E-09  8.706E-07  2.363E-10  2.018E-02
         800  1.290629E+03  3.934E-03  6.664E-09  8.242E-07  2.111E-10  2.018E-02
         900  1.291023E+03  3.934E-03  6.670E-09  7.804E-07  1.885E-10  2.018E-02
        1000  1.291416E+03  3.934E-03  6.676E-09  7.391E-07  1.684E-10  2.018E-02
        1100  1.291810E+03  3.934E-03  6.681E-09  7.002E-07  1.505E-10  2.018E-02
        1200  1.292203E+03  3.934E-03  6.686E-09  6.634E-07  1.345E-10  2.019E-02
        1300  1.292596E+03  3.934E-03  6.692E-09  6.286E-07  1.203E-10  2.019E-02
        1400  1.292990E+03  3.934E-03  6.697E-09  5.957E-07  1.076E-10  2.019E-02
        1500  1.293383E+03  3.934E-03  6.702E-09  5.647E-07  9.627E-11  2.019E-02
        1600  1.293776E+03  3.934E-03  6.706E-09  5.353E-07  8.617E-11  2.019E-02
        1700  1.294170E+03  3.934E-03  6.711E-09  5.076E-07  7.716E-11  2.019E-02
        1800  1.294563E+03  3.934E-03  6.716E-09  4.813E-07  6.912E-11  2.019E-02
        1900  1.294957E+03  3.934E-03  6.720E-09  3.025E-03  4.846E-08  2.020E-02
        2000  1.295350E+03  3.934E-03  6.724E-09  4.330E-07  5.556E-11  2.020E-02
        2100  1.295743E+03  3.934E-03  6.728E-09  4.107E-07  4.985E-11  2.020E-02
        2200  1.296137E+03  3.934E-03  6.733E-09  3.897E-07  4.476E-11  2.020E-02
        2300  1.296530E+03  3.934E-03  6.737E-09  3.697E-07  4.022E-11  2.020E-02
        2400  1.296923E+03  3.934E-03  6.740E-09  3.508E-07  3.616E-11  2.020E-02
        2500  1.297317E+03  3.934E-03  6.744E-09  3.329E-07  3.254E-11  2.020E-02
        2600  1.297710E+03  3.934E-03  6.748E-09  3.160E-07  2.931E-11  2.021E-02
        2700  1.298104E+03  3.934E-03  6.751E-09  2.999E-07  2.642E-11  2.021E-02
        2800  1.298497E+03  3.934E-03  1.596E-09  2.847E-07  2.384E-11  2.021E-02
        2900  1.298890E+03  3.934E-03  1.493E-10  2.703E-07  2.154E-11  2.021E-02
        3000  1.299284E+03  3.934E-03  1.473E-10  2.566E-07  1.948E-11  2.021E-02
        3100  1.299677E+03  3.934E-03  1.454E-10  2.436E-07  1.764E-11  2.021E-02
        3200  1.300070E+03  3.934E-03  1.436E-10  2.313E-07  1.600E-11  2.022E-02
        3300  1.300464E+03  3.934E-03  1.418E-10  2.196E-07  1.452E-11  2.022E-02
        3400  1.300857E+03  3.934E-03  1.402E-10  2.086E-07  1.321E-11  2.022E-02
        3500  1.301251E+03  3.934E-03  1.386E-10  1.981E-07  1.203E-11  2.022E-02
        3600  1.301644E+03  3.934E-03  1.371E-10  1.881E-07  1.097E-11  2.022E-02
        3700  1.302037E+03  3.934E-03  1.357E-10  1.786E-07  1.003E-11  2.022E-02
        3800  1.302431E+03  3.934E-03  1.343E-10  1.697E-07  9.178E-12  2.022E-02
        3900  1.302824E+03  3.934E-03  1.314E-10  3.025E-03  4.887E-08  2.023E-02
        4000  1.303217E+03  3.934E-03  1.300E-10  1.531E-07  7.732E-12  2.023E-02
        4100  1.303611E+03  3.934E-03  1.289E-10  1.454E-07  7.116E-12  2.023E-02
        4200  1.304004E+03  3.934E-03  1.277E-10  1.381E-07  6.561E-12  2.023E-02
        4300  1.304398E+03  3.934E-03  1.267E-10  1.312E-07  6.061E-12  2.023E-02
        4400  1.304791E+03  3.934E-03  1.257E-10  1.247E-07  5.609E-12  2.023E-02
        4500  1.305184E+03  3.934E-03  1.247E-10  1.185E-07  5.200E-12  2.023E-02
        4600  1.305578E+03  3.934E-03  1.238E-10  1.125E-07  4.830E-12  2.024E-02
        4700  1.305971E+03  3.934E-03  1.230E-10  1.069E-07  4.493E-12  2.024E-02
        4800  1.306364E+03  3.934E-03  1.222E-10  1.016E-07  4.187E-12  2.024E-02
        4900  1.306758E+03  3.934E-03  1.214E-10  9.653E-08  3.908E-12  2.024E-02
        5000  1.307151E+03  3.934E-03  1.207E-10  9.172E-08  3.653E-12  2.024E-02
        5100  1.307545E+03  3.934E-03  1.200E-10  8.716E-08  3.420E-12  2.024E-02
        5200  1.307938E+03  3.934E-03  1.194E-10  8.282E-08  3.206E-12  2.024E-02
        5300  1.308331E+03  3.934E-03  1.188E-10  7.870E-08  3.009E-12  2.025E-02
        5400  1.308725E+03  3.934E-03  1.182E-10  7.479E-08  2.827E-12  2.025E-02
        5500  1.309118E+03  3.934E-03  1.177E-10  7.107E-08  2.659E-12  2.025E-02
        5600  1.309511E+03  3.934E-03  1.171E-10  6.754E-08  2.504E-12  2.025E-02
        5700  1.309905E+03  3.934E-03  1.167E-10  6.418E-08  2.360E-12  2.025E-02
        5800  1.310298E+03  3.934E-03  1.162E-10  6.100E-08  2.226E-12  2.025E-02
        5900  1.310692E+03  3.934E-03  1.158E-10  5.797E-08  2.101E-12  2.025E-02
        6000  1.311085E+03  3.934E-03  1.154E-10  5.509E-08  1.985E-12  2.026E-02
        6100  1.311478E+03  3.934E-03  1.150E-10  5.236E-08  1.876E-12  2.026E-02
        6200  1.311872E+03  3.934E-03  1.146E-10  4.976E-08  1.775E-12  2.026E-02
        6300  1.312265E+03  3.934E-03  1.143E-10  4.729E-08  1.680E-12  2.026E-02
        6400  1.312658E+03  3.934E-03  1.140E-10  4.495E-08  1.590E-12  2.026E-02
        6500  1.313052E+03  3.934E-03  1.137E-10  4.272E-08  1.506E-12  2.026E-02
        6600  1.313445E+03  3.934E-03  1.134E-10  4.061E-08  1.427E-12  2.027E-02
        6700  1.313839E+03  3.934E-03  1.131E-10  3.859E-08  1.353E-12  2.027E-02
        6800  1.314232E+03  3.934E-03  1.129E-10  3.668E-08  1.283E-12  2.027E-02
        6900  1.314625E+03  3.934E-03  1.127E-10  3.487E-08  1.217E-12  2.027E-02
        7000  1.315019E+03  3.934E-03  1.124E-10  3.314E-08  1.154E-12  2.027E-02
        7100  1.315412E+03  3.934E-03  1.122E-10  3.150E-08  1.095E-12  2.027E-02
        7200  1.315805E+03  3.934E-03  1.120E-10  2.994E-08  1.039E-12  2.027E-02
        7300  1.316199E+03  3.934E-03  1.118E-10  2.846E-08  9.866E-13  2.028E-02
        7400  1.316592E+03  3.934E-03  1.117E-10  2.705E-08  9.367E-13  2.028E-02
        7500  1.316986E+03  3.934E-03  1.115E-10  2.571E-08  8.894E-13  2.028E-02
        7600  1.317379E+03  3.934E-03  1.114E-10  2.444E-08  8.446E-13  2.028E-02
        7700  1.317772E+03  3.934E-03  1.112E-10  2.323E-08  8.022E-13  2.028E-02
        7800  1.318166E+03  3.934E-03  1.111E-10  2.208E-08  7.620E-13  2.028E-02
        7900  1.318559E+03  3.934E-03  1.110E-10  2.099E-08  7.238E-13  2.028E-02
        8000  1.318952E+03  3.934E-03  1.108E-10  1.995E-08  6.876E-13  2.029E-02
        8100  1.319346E+03  3.934E-03  1.107E-10  1.897E-08  6.533E-13  2.029E-02
        8200  1.319739E+03  3.934E-03  1.106E-10  1.803E-08  6.207E-13  2.029E-02
        8300  1.320133E+03  3.934E-03  1.105E-10  1.714E-08  5.898E-13  2.029E-02
        8400  1.320526E+03  3.934E-03  1.104E-10  1.629E-08  5.605E-13  2.029E-02
        8500  1.320919E+03  3.934E-03  1.103E-10  1.549E-08  5.326E-13  2.029E-02
        8600  1.321313E+03  3.934E-03  1.103E-10  1.472E-08  5.061E-13  2.029E-02
        8700  1.321706E+03  3.934E-03  1.102E-10  1.399E-08  4.810E-13  2.030E-02
        8800  1.322099E+03  3.934E-03  1.101E-10  1.330E-08  4.572E-13  2.030E-02
        8900  1.322493E+03  3.934E-03  1.101E-10  1.264E-08  4.345E-13  2.030E-02
        9000  1.322886E+03  3.934E-03  1.100E-10  1.202E-08  4.129E-13  2.030E-02
        9100  1.323279E+03  3.934E-03  1.099E-10  1.143E-08  3.925E-13  2.030E-02
        9200  1.323673E+03  3.934E-03  1.099E-10  1.086E-08  3.731E-13  2.030E-02
        9300  1.324066E+03  3.934E-03  1.098E-10  1.033E-08  3.546E-13  2.030E-02
        9400  1.324460E+03  3.934E-03  1.098E-10  9.815E-09  3.370E-13  2.031E-02
        9500  1.324853E+03  3.934E-03  1.097E-10  9.331E-09  3.204E-13  2.031E-02
        9600  1.325246E+03  3.934E-03  1.097E-10  8.870E-09  3.045E-13  2.031E-02
        9700  1.325640E+03  3.934E-03  1.096E-10  8.432E-09  2.895E-13  2.031E-02
        9800  1.326033E+03  3.934E-03  1.096E-10  8.015E-09  2.752E-13  2.031E-02
        9900  1.326426E+03  3.934E-03  1.096E-10  7.620E-09  2.615E-13  2.031E-02
       10000  1.326820E+03  3.934E-03  1.095E-10  7.243E-09  2.486E-13  2.031E-02
       10100  1.327213E+03  3.934E-03  1.095E-10  6.886E-09  2.363E-13  2.032E-02
       10200  1.327607E+03  3.934E-03  1.095E-10  6.546E-09  2.247E-13  2.032E-02
       10300  1.328000E+03  3.934E-03  1.094E-10  6.223E-09  2.136E-13  2.032E-02
       10400  1.328393E+03  3.934E-03  1.094E-10  5.915E-09  2.030E-13  2.032E-02
       10500  1.328787E+03  3.934E-03  1.094E-10  5.623E-09  1.930E-13  2.032E-02
       10600  1.329180E+03  3.934E-03  1.094E-10  5.346E-09  1.835E-13  2.032E-02
       10700  1.329573E+03  3.934E-03  1.094E-10  5.082E-09  1.744E-13  2.033E-02
       10800  1.329967E+03  3.934E-03  1.093E-10  4.831E-09  1.658E-13  2.033E-02
       10900  1.330360E+03  3.934E-03  1.093E-10  4.592E-09  1.576E-13  2.033E-02
       11000  1.330754E+03  3.934E-03  1.093E-10  4.366E-09  1.498E-13  2.033E-02
       11100  1.331147E+03  3.934E-03  1.093E-10  4.150E-09  1.424E-13  2.033E-02
       11200  1.331540E+03  3.934E-03  1.093E-10  3.945E-09  1.354E-13  2.033E-02
       11300  1.331934E+03  3.934E-03  1.093E-10  3.751E-09  1.287E-13  2.033E-02
       11400  1.332327E+03  3.934E-03  1.092E-10  3.566E-09  1.223E-13  2.034E-02
       11500  1.332720E+03  3.934E-03  1.092E-10  3.390E-09  1.163E-13  2.034E-02
       11600  1.333114E+03  3.934E-03  1.092E-10  3.222E-09  1.106E-13  2.034E-02
       11700  1.333507E+03  3.934E-03  1.092E-10  3.063E-09  1.051E-13  2.034E-02
       11800  1.333901E+03  3.934E-03  1.092E-10  2.912E-09  9.992E-14  2.034E-02
       11900  1.334294E+03  3.934E-03  1.092E-10  2.768E-09  9.499E-14  2.034E-02
       12000  1.334687E+03  3.934E-03  1.092E-10  2.632E-09  9.030E-14  2.034E-02
       12100  1.335081E+03  3.934E-03  1.092E-10  2.502E-09  8.584E-14  2.035E-02
       12200  1.335474E+03  3.934E-03  1.092E-10  2.378E-09  8.161E-14  2.035E-02
       12300  1.335867E+03  3.934E-03  1.091E-10  2.261E-09  7.758E-14  2.035E-02
       12400  1.336261E+03  3.934E-03  1.091E-10  2.149E-09  7.375E-14  2.035E-02
       12500  1.336654E+03  3.934E-03  1.091E-10  2.043E-09  7.011E-14  2.035E-02
       12600  1.337048E+03  3.934E-03  1.091E-10  1.942E-09  6.665E-14  2.035E-02
       12700  1.337441E+03  3.934E-03  1.091E-10  1.847E-09  6.336E-14  2.035E-02
       12800  1.337834E+03  3.934E-03  1.091E-10  1.756E-09  6.023E-14  2.036E-02
       12900  1.338228E+03  3.934E-03  1.091E-10  1.669E-09  5.726E-14  2.036E-02
       13000  1.338621E+03  3.934E-03  1.091E-10  1.587E-09  5.444E-14  2.036E-02
       13100  1.339014E+03  3.934E-03  1.091E-10  1.508E-09  5.175E-14  2.036E-02
       13200  1.339408E+03  3.934E-03  1.091E-10  1.434E-09  4.920E-14  2.036E-02
       13300  1.339801E+03  3.934E-03  1.091E-10  1.363E-09  4.677E-14  2.036E-02
       13400  1.340195E+03  3.934E-03  1.091E-10  1.296E-09  4.446E-14  2.036E-02
       13500  1.340588E+03  3.934E-03  1.091E-10  1.232E-09  4.227E-14  2.037E-02
       13600  1.340981E+03  3.934E-03  1.091E-10  1.171E-09  4.018E-14  2.037E-02
       13700  1.341375E+03  3.934E-03  1.091E-10  1.113E-09  3.820E-14  2.037E-02
       13800  1.341768E+03  3.934E-03  1.091E-10  1.058E-09  3.631E-14  2.037E-02
       13900  1.342161E+03  3.934E-03  1.091E-10  1.006E-09  3.452E-14  2.037E-02
       14000  1.342555E+03  3.934E-03  1.091E-10  9.565E-10  3.282E-14  2.037E-02
       14100  1.342948E+03  3.934E-03  1.091E-10  9.093E-10  3.120E-14  2.038E-02
       14200  1.343342E+03  3.934E-03  1.091E-10  8.644E-10  2.966E-14  2.038E-02
       14300  1.343735E+03  3.934E-03  1.091E-10  8.218E-10  2.820E-14  2.038E-02
       14400  1.344128E+03  3.934E-03  1.091E-10  7.812E-10  2.680E-14  2.038E-02
       14500  1.344522E+03  3.934E-03  1.091E-10  7.427E-10  2.548E-14  2.038E-02
       14600  1.344915E+03  3.934E-03  1.091E-10  7.060E-10  2.422E-14  2.038E-02
       14700  1.345308E+03  3.934E-03  1.091E-10  6.712E-10  2.303E-14  2.038E-02
       14800  1.345702E+03  3.934E-03  1.091E-10  6.381E-10  2.189E-14  2.039E-02
       14900  1.346095E+03  3.934E-03  1.091E-10  6.066E-10  2.081E-14  2.039E-02
       15000  1.346489E+03  3.934E-03  1.091E-10  5.766E-10  1.979E-14  2.039E-02
       15100  1.346882E+03  3.934E-03  1.091E-10  5.482E-10  1.881E-14  2.039E-02
       15200  1.347275E+03  3.934E-03  1.091E-10  5.211E-10  1.788E-14  2.039E-02
       15300  1.347669E+03  3.934E-03  1.091E-10  4.954E-10  1.700E-14  2.039E-02
       15400  1.348062E+03  3.934E-03  1.091E-10  4.710E-10  1.616E-14  2.039E-02
       15500  1.348455E+03  3.934E-03  1.090E-10  4.477E-10  1.536E-14  2.040E-02
       15600  1.348849E+03  3.934E-03  1.090E-10  4.257E-10  1.460E-14  2.040E-02
       15700  1.349242E+03  3.934E-03  1.090E-10  4.046E-10  1.388E-14  2.040E-02
       15800  1.349636E+03  3.934E-03  1.090E-10  3.847E-10  1.320E-14  2.040E-02
       15900  1.350029E+03  3.934E-03  1.090E-10  3.657E-10  1.255E-14  2.040E-02
       16000  1.350422E+03  3.934E-03  1.090E-10  3.477E-10  1.193E-14  2.040E-02
       16100  1.350816E+03  3.934E-03  1.090E-10  3.305E-10  1.134E-14  2.040E-02
       16200  1.351209E+03  3.934E-03  1.090E-10  3.142E-10  1.078E-14  2.041E-02
       16300  1.351602E+03  3.934E-03  1.090E-10  2.987E-10  1.025E-14  2.041E-02
       16400  1.351996E+03  3.934E-03  1.090E-10  2.840E-10  9.743E-15  2.041E-02
       16500  1.352389E+03  3.934E-03  1.090E-10  2.699E-10  9.262E-15  2.041E-02
       16600  1.352783E+03  3.934E-03  1.090E-10  2.566E-10  8.805E-15  2.041E-02
       16700  1.353176E+03  3.934E-03  1.090E-10  2.440E-10  8.371E-15  2.041E-02
       16800  1.353569E+03  3.934E-03  1.090E-10  2.319E-10  7.958E-15  2.041E-02
       16900  1.353963E+03  3.934E-03  1.090E-10  2.205E-10  7.565E-15  2.042E-02
       17000  1.354356E+03  3.934E-03  1.090E-10  2.096E-10  7.192E-15  2.042E-02
       17100  1.354749E+03  3.934E-03  1.090E-10  1.993E-10  6.837E-15  2.042E-02
       17200  1.355143E+03  3.934E-03  1.090E-10  1.894E-10  6.500E-15  2.042E-02
       17300  1.355536E+03  3.934E-03  1.090E-10  1.801E-10  6.179E-15  2.042E-02
       17400  1.355929E+03  3.934E-03  1.090E-10  1.712E-10  5.874E-15  2.042E-02
       17500  1.356323E+03  3.934E-03  1.090E-10  1.628E-10  5.584E-15  2.043E-02
       17600  1.356716E+03  3.934E-03  1.090E-10  1.547E-10  5.309E-15  2.043E-02
       17700  1.357110E+03  3.934E-03  1.090E-10  1.471E-10  5.047E-15  2.043E-02
       17800  1.357503E+03  3.934E-03  1.090E-10  1.398E-10  4.798E-15  2.043E-02
       17900  1.357896E+03  3.934E-03  1.090E-10  1.329E-10  4.561E-15  2.043E-02
       18000  1.358290E+03  3.934E-03  1.090E-10  1.264E-10  4.336E-15  2.043E-02
       18100  1.358683E+03  3.934E-03  1.090E-10  1.201E-10  4.122E-15  2.043E-02
       18200  1.359076E+03  3.934E-03  1.090E-10  1.142E-10  3.919E-15  2.044E-02
       18300  1.359470E+03  3.934E-03  1.090E-10  1.086E-10  3.725E-15  2.044E-02
       18400  1.359863E+03  3.934E-03  1.090E-10  1.032E-10  3.542E-15  2.044E-02
       18500  1.360257E+03  3.934E-03  1.090E-10  9.812E-11  3.367E-15  2.044E-02
       18600  1.360650E+03  3.934E-03  1.090E-10  9.328E-11  3.201E-15  2.044E-02
       18700  1.361043E+03  3.934E-03  1.090E-10  8.868E-11  3.043E-15  2.044E-02
       18800  1.361437E+03  3.934E-03  1.090E-10  8.430E-11  2.893E-15  2.044E-02
       18900  1.361830E+03  3.934E-03  1.090E-10  8.015E-11  2.750E-15  2.045E-02
       19000  1.362223E+03  3.934E-03  1.090E-10  7.619E-11  2.614E-15  2.045E-02
       19100  1.362617E+03  3.934E-03  1.090E-10  7.243E-11  2.485E-15  2.045E-02
       19200  1.363010E+03  3.934E-03  1.090E-10  6.886E-11  2.363E-15  2.045E-02
       19300  1.363404E+03  3.934E-03  1.090E-10  6.546E-11  2.246E-15  2.045E-02
       19400  1.363797E+03  3.934E-03  1.090E-10  6.223E-11  2.135E-15  2.045E-02
       19500  1.364190E+03  3.934E-03  1.090E-10  5.916E-11  2.030E-15  2.045E-02
       19600  1.364584E+03  3.934E-03  1.090E-10  5.624E-11  1.930E-15  2.046E-02
       19700  1.364977E+03  3.934E-03  1.090E-10  5.347E-11  1.835E-15  2.046E-02
       19800  1.365370E+03  3.934E-03  1.090E-10  5.083E-11  1.744E-15  2.046E-02
       19900  1.365764E+03  3.934E-03  1.090E-10  4.832E-11  1.658E-15  2.046E-02
       20000  1.366157E+03  3.934E-03  1.090E-10  4.594E-11  1.576E-15  2.046E-02
       20100  1.366551E+03  3.934E-03  1.090E-10  4.367E-11  1.498E-15  2.046E-02
       20200  1.366944E+03  3.934E-03  1.090E-10  4.152E-11  1.424E-15  2.046E-02
       20300  1.367337E+03  3.934E-03  1.090E-10  3.947E-11  1.354E-15  2.047E-02
       20400  1.367731E+03  3.934E-03  1.090E-10  3.752E-11  1.287E-15  2.047E-02
       20500  1.368124E+03  3.934E-03  1.090E-10  3.567E-11  1.224E-15  2.047E-02
       20600  1.368517E+03  3.934E-03  1.090E-10  3.391E-11  1.163E-15  2.047E-02
       20700  1.368911E+03  3.934E-03  1.090E-10  3.224E-11  1.106E-15  2.047E-02
       20800  1.369304E+03  3.934E-03  1.090E-10  3.064E-11  1.051E-15  2.047E-02
       20900  1.369698E+03  3.934E-03  1.090E-10  2.913E-11  9.996E-16  2.047E-02
       21000  1.370091E+03  3.934E-03  1.090E-10  2.770E-11  9.503E-16  2.048E-02
       21100  1.370484E+03  3.934E-03  1.090E-10  2.633E-11  9.034E-16  2.048E-02
       21200  1.370878E+03  3.934E-03  1.090E-10  2.503E-11  8.588E-16  2.048E-02
       21300  1.371271E+03  3.934E-03  1.090E-10  2.379E-11  8.164E-16  2.048E-02
       21400  1.371664E+03  3.934E-03  1.090E-10  2.262E-11  7.762E-16  2.048E-02
       21500  1.372058E+03  3.934E-03  1.090E-10  2.150E-11  7.379E-16  2.048E-02
       21600  1.372451E+03  3.934E-03  1.090E-10  2.044E-11  7.015E-16  2.049E-02
       21700  1.372845E+03  3.934E-03  1.090E-10  1.944E-11  6.668E-16  2.049E-02
       21800  1.373238E+03  3.934E-03  1.090E-10  1.848E-11  6.339E-16  2.049E-02
       21900  1.373631E+03  3.934E-03  1.090E-10  1.756E-11  6.027E-16  2.049E-02
       22000  1.374025E+03  3.934E-03  1.090E-10  1.670E-11  5.729E-16  2.049E-02
       22100  1.374418E+03  3.934E-03  1.090E-10  1.587E-11  5.447E-16  2.049E-02
       22200  1.374811E+03  3.934E-03  1.090E-10  1.509E-11  5.178E-16  2.049E-02
       22300  1.375205E+03  3.934E-03  1.090E-10  1.435E-11  4.922E-16  2.050E-02
       22400  1.375598E+03  3.934E-03  1.090E-10  1.364E-11  4.680E-16  2.050E-02
       22500  1.375992E+03  3.934E-03  1.090E-10  1.297E-11  4.449E-16  2.050E-02
       22600  1.376385E+03  3.934E-03  1.090E-10  1.233E-11  4.229E-16  2.050E-02
       22700  1.376778E+03  3.934E-03  1.090E-10  1.172E-11  4.021E-16  2.050E-02
       22800  1.377172E+03  3.934E-03  1.090E-10  1.114E-11  3.822E-16  2.050E-02
       22900  1.377565E+03  3.934E-03  1.090E-10  1.059E-11  3.634E-16  2.050E-02
       23000  1.377958E+03  3.934E-03  1.090E-10  1.007E-11  3.454E-16  2.051E-02
       23100  1.378352E+03  3.934E-03  1.090E-10  9.571E-12  3.284E-16  2.051E-02
       23200  1.378745E+03  3.934E-03  1.090E-10  9.098E-12  3.122E-16  2.051E-02
       23300  1.379139E+03  3.934E-03  1.090E-10  8.650E-12  2.968E-16  2.051E-02
       23400  1.379532E+03  3.934E-03  1.090E-10  8.223E-12  2.821E-16  2.051E-02
       23500  1.379925E+03  3.934E-03  1.090E-10  7.817E-12  2.682E-16  2.051E-02
       23600  1.380319E+03  3.934E-03  1.090E-10  7.431E-12  2.550E-16  2.051E-02
       23700  1.380712E+03  3.934E-03  1.090E-10  7.065E-12  2.424E-16  2.052E-02
       23800  1.381105E+03  3.934E-03  1.090E-10  6.716E-12  2.304E-16  2.052E-02
       23900  1.381499E+03  3.934E-03  1.090E-10  6.385E-12  2.191E-16  2.052E-02
       24000  1.381892E+03  3.934E-03  1.090E-10  6.070E-12  2.083E-16  2.052E-02
       24100  1.382286E+03  3.934E-03  1.090E-10  5.770E-12  1.980E-16  2.052E-02
       24200  1.382679E+03  3.934E-03  1.090E-10  5.486E-12  1.882E-16  2.052E-02
       24300  1.383072E+03  3.934E-03  1.090E-10  5.215E-12  1.789E-16  2.052E-02
       24400  1.383466E+03  3.934E-03  1.090E-10  4.958E-12  1.701E-16  2.053E-02
       24500  1.383859E+03  3.934E-03  1.090E-10  4.713E-12  1.617E-16  2.053E-02
       24600  1.384252E+03  3.934E-03  1.090E-10  4.480E-12  1.537E-16  2.053E-02
       24700  1.384646E+03  3.934E-03  1.090E-10  4.259E-12  1.461E-16  2.053E-02
       24800  1.385039E+03  3.934E-03  1.090E-10  4.049E-12  1.389E-16  2.053E-02
       24900  1.385433E+03  3.934E-03  1.090E-10  3.849E-12  1.321E-16  2.053E-02
       25000  1.385826E+03  3.934E-03  1.090E-10  3.660E-12  1.256E-16  2.054E-02
       25100  1.386219E+03  3.934E-03  1.090E-10  3.479E-12  1.194E-16  2.054E-02
       25200  1.386613E+03  3.934E-03  1.090E-10  3.307E-12  1.135E-16  2.054E-02
       25300  1.387006E+03  3.934E-03  1.090E-10  3.144E-12  1.079E-16  2.054E-02
       25400  1.387399E+03  3.934E-03  1.090E-10  2.989E-12  1.026E-16  2.054E-02
       25500  1.387793E+03  3.934E-03  1.090E-10  2.842E-12  9.750E-17  2.054E-02
       25600  1.388186E+03  3.934E-03  1.090E-10  2.701E-12  9.269E-17  2.054E-02
       25700  1.388579E+03  3.934E-03  1.090E-10  2.568E-12  8.811E-17  2.055E-02
       25800  1.388973E+03  3.934E-03  1.090E-10  2.441E-12  8.377E-17  2.055E-02
       25900  1.389366E+03  3.934E-03  1.090E-10  2.321E-12  7.963E-17  2.055E-02
       26000  1.389760E+03  3.934E-03  1.090E-10  2.206E-12  7.570E-17  2.055E-02
       26100  1.390153E+03  3.934E-03  1.090E-10  2.098E-12  7.197E-17  2.055E-02
       26200  1.390546E+03  3.934E-03  1.090E-10  1.994E-12  6.842E-17  2.055E-02
       26300  1.390940E+03  3.934E-03  1.090E-10  1.896E-12  6.504E-17  2.055E-02
       26400  1.391333E+03  3.934E-03  1.090E-10  1.802E-12  6.183E-17  2.056E-02
       26500  1.391726E+03  3.934E-03  1.090E-10  1.713E-12  5.878E-17  2.056E-02
       26600  1.392120E+03  3.934E-03  1.090E-10  1.629E-12  5.588E-17  2.056E-02
       26700  1.392513E+03  3.934E-03  1.090E-10  1.548E-12  5.312E-17  2.056E-02
       26800  1.392907E+03  3.934E-03  1.090E-10  1.472E-12  5.050E-17  2.056E-02
       26900  1.393300E+03  3.934E-03  1.090E-10  1.399E-12  4.801E-17  2.056E-02
       27000  1.393693E+03  3.934E-03  1.090E-10  1.330E-12  4.564E-17  2.056E-02
       27100  1.394087E+03  3.934E-03  1.090E-10  1.265E-12  4.339E-17  2.057E-02
       27200  1.394480E+03  3.934E-03  1.090E-10  1.202E-12  4.125E-17  2.057E-02
       27300  1.394873E+03  3.934E-03  1.090E-10  1.143E-12  3.921E-17  2.057E-02
       27400  1.395267E+03  3.934E-03  1.090E-10  1.087E-12  3.728E-17  2.057E-02
       27500  1.395660E+03  3.934E-03  1.090E-10  1.033E-12  3.544E-17  2.057E-02
       27600  1.396054E+03  3.934E-03  1.090E-10  9.819E-13  3.369E-17  2.057E-02
       27700  1.396447E+03  3.934E-03  1.090E-10  9.335E-13  3.203E-17  2.057E-02
       27800  1.396840E+03  3.934E-03  1.090E-10  8.874E-13  3.045E-17  2.058E-02
       27900  1.397234E+03  3.934E-03  1.090E-10  8.436E-13  2.895E-17  2.058E-02
       28000  1.397627E+03  3.934E-03  1.090E-10  8.020E-13  2.752E-17  2.058E-02
       28100  1.398020E+03  3.934E-03  1.090E-10  7.625E-13  2.616E-17  2.058E-02
       28200  1.398414E+03  3.934E-03  1.090E-10  7.248E-13  2.487E-17  2.058E-02
       28300  1.398807E+03  3.934E-03  1.090E-10  6.891E-13  2.364E-17  2.058E-02
       28400  1.399201E+03  3.934E-03  1.090E-10  6.551E-13  2.248E-17  2.059E-02
       28500  1.399594E+03  3.934E-03  1.090E-10  6.227E-13  2.137E-17  2.059E-02
       28600  1.399987E+03  3.934E-03  1.090E-10  5.920E-13  2.031E-17  2.059E-02
       28700  1.400381E+03  3.934E-03  1.090E-10  5.628E-13  1.931E-17  2.059E-02
       28800  1.400774E+03  3.934E-03  1.090E-10  5.350E-13  1.836E-17  2.059E-02
       28900  1.401167E+03  3.934E-03  1.090E-10  5.086E-13  1.745E-17  2.059E-02
       29000  1.401561E+03  3.934E-03  1.090E-10  4.835E-13  1.659E-17  2.059E-02
       29100  1.401954E+03  3.934E-03  1.090E-10  4.597E-13  1.577E-17  2.060E-02
       29200  1.402348E+03  3.934E-03  1.090E-10  4.370E-13  1.499E-17  2.060E-02
       29300  1.402741E+03  3.934E-03  1.090E-10  4.154E-13  1.425E-17  2.060E-02
       29400  1.403134E+03  3.934E-03  1.090E-10  3.949E-13  1.355E-17  2.060E-02
       29500  1.403528E+03  3.934E-03  1.090E-10  3.755E-13  1.288E-17  2.060E-02
       29600  1.403921E+03  3.934E-03  1.090E-10  3.569E-13  1.225E-17  2.060E-02
       29700  1.404314E+03  3.934E-03  1.090E-10  3.393E-13  1.164E-17  2.060E-02
       29800  1.404708E+03  3.934E-03  1.090E-10  3.226E-13  1.107E-17  2.061E-02
       29900  1.405101E+03  3.934E-03  1.090E-10  3.067E-13  1.052E-17  2.061E-02
       30000  1.405495E+03  3.934E-03  1.090E-10  2.915E-13  1.000E-17  2.061E-02
       30100  1.405888E+03  3.934E-03  1.090E-10  2.772E-13  9.510E-18  2.061E-02
       30200  1.406281E+03  3.934E-03  1.090E-10  2.635E-13  9.040E-18  2.061E-02
       30300  1.406675E+03  3.934E-03  1.090E-10  2.505E-13  8.594E-18  2.061E-02
       30400  1.407068E+03  3.934E-03  1.090E-10  2.381E-13  8.170E-18  2.061E-02
       30500  1.407461E+03  3.934E-03  1.090E-10  2.264E-13  7.767E-18  2.062E-02
       30600  1.407855E+03  3.934E-03  1.090E-10  2.152E-13  7.384E-18  2.062E-02
       30700  1.408248E+03  3.934E-03  1.090E-10  2.046E-13  7.020E-18  2.062E-02
       30800  1.408642E+03  3.934E-03  1.090E-10  1.945E-13  6.673E-18  2.062E-02
       30900  1.409035E+03  3.934E-03  1.090E-10  1.849E-13  6.344E-18  2.062E-02
       31000  1.409428E+03  3.934E-03  1.090E-10  1.758E-13  6.031E-18  2.062E-02
       31100  1.409822E+03  3.934E-03  1.090E-10  1.671E-13  5.733E-18  2.062E-02
       31200  1.410215E+03  3.934E-03  1.090E-10  1.589E-13  5.451E-18  2.063E-02
       31300  1.410608E+03  3.934E-03  1.090E-10  1.510E-13  5.182E-18  2.063E-02
       31400  1.411002E+03  3.934E-03  1.090E-10  1.436E-13  4.926E-18  2.063E-02
       31500  1.411395E+03  3.934E-03  1.090E-10  1.365E-13  4.683E-18  2.063E-02
       31600  1.411789E+03  3.934E-03  1.090E-10  1.297E-13  4.452E-18  2.063E-02
       31700  1.412182E+03  3.934E-03  1.090E-10  1.233E-13  4.232E-18  2.063E-02
       31800  1.412575E+03  3.934E-03  1.090E-10  1.173E-13  4.023E-18  2.063E-02
       31900  1.412969E+03  3.934E-03  1.090E-10  1.115E-13  3.825E-18  2.064E-02
       32000  1.413362E+03  3.934E-03  1.090E-10  1.060E-13  3.636E-18  2.064E-02
       32100  1.413755E+03  3.934E-03  1.090E-10  1.007E-13  3.457E-18  2.064E-02
       32200  1.414149E+03  3.934E-03  1.090E-10  9.578E-14  3.286E-18  2.064E-02
       32300  1.414542E+03  3.934E-03  1.090E-10  9.105E-14  3.124E-18  2.064E-02
       32400  1.414936E+03  3.934E-03  1.090E-10  8.656E-14  2.970E-18  2.064E-02
       32500  1.415329E+03  3.934E-03  1.090E-10  8.229E-14  2.823E-18  2.065E-02
       32600  1.415722E+03  3.934E-03  1.090E-10  7.823E-14  2.684E-18  2.065E-02
       32700  1.416116E+03  3.934E-03  1.090E-10  7.437E-14  2.552E-18  2.065E-02
       32800  1.416509E+03  3.934E-03  1.090E-10  7.070E-14  2.426E-18  2.065E-02
       32900  1.416902E+03  3.934E-03  1.090E-10  6.721E-14  2.306E-18  2.065E-02
       33000  1.417296E+03  3.934E-03  1.090E-10  6.389E-14  2.192E-18  2.065E-02
       33100  1.417689E+03  3.934E-03  1.090E-10  6.074E-14  2.084E-18  2.065E-02
       33200  1.418083E+03  3.934E-03  1.090E-10  5.774E-14  1.981E-18  2.066E-02
       33300  1.418476E+03  3.934E-03  1.090E-10  5.489E-14  1.884E-18  2.066E-02
       33400  1.418869E+03  3.934E-03  1.090E-10  5.219E-14  1.791E-18  2.066E-02
       33500  1.419263E+03  3.934E-03  1.090E-10  4.961E-14  1.702E-18  2.066E-02
       33600  1.419656E+03  3.934E-03  1.090E-10  4.716E-14  1.618E-18  2.066E-02
       33700  1.420049E+03  3.934E-03  1.090E-10  4.484E-14  1.538E-18  2.066E-02
       33800  1.420443E+03  3.934E-03  1.090E-10  4.263E-14  1.463E-18  2.066E-02
       33900  1.420836E+03  3.934E-03  1.090E-10  4.052E-14  1.390E-18  2.067E-02
       34000  1.421229E+03  3.934E-03  1.090E-10  3.852E-14  1.322E-18  2.067E-02
       34100  1.421623E+03  3.934E-03  1.090E-10  3.662E-14  1.257E-18  2.067E-02
       34200  1.422016E+03  3.934E-03  1.090E-10  3.482E-14  1.195E-18  2.067E-02
       34300  1.422410E+03  3.934E-03  1.090E-10  3.310E-14  1.136E-18  2.067E-02
       34400  1.422803E+03  3.934E-03  1.090E-10  3.146E-14  1.080E-18  2.067E-02
       34500  1.423196E+03  3.934E-03  1.090E-10  2.991E-14  1.026E-18  2.067E-02
       34600  1.423590E+03  3.934E-03  1.090E-10  2.844E-14  9.757E-19  2.068E-02
       34700  1.423983E+03  3.934E-03  1.090E-10  2.703E-14  9.275E-19  2.068E-02
       34800  1.424376E+03  3.934E-03  1.090E-10  2.570E-14  8.818E-19  2.068E-02
       34900  1.424770E+03  3.934E-03  1.090E-10  2.443E-14  8.383E-19  2.068E-02
       35000  1.425163E+03  3.934E-03  1.090E-10  2.323E-14  7.969E-19  2.068E-02
       35100  1.425557E+03  3.934E-03  1.090E-10  2.208E-14  7.576E-19  2.068E-02
       35200  1.425950E+03  3.934E-03  1.090E-10  2.099E-14  7.202E-19  2.068E-02
       35300  1.426343E+03  3.934E-03  1.090E-10  1.995E-14  6.847E-19  2.069E-02
       35400  1.426737E+03  3.934E-03  1.090E-10  1.897E-14  6.509E-19  2.069E-02
       35500  1.427130E+03  3.934E-03  1.090E-10  1.803E-14  6.188E-19  2.069E-02
       35600  1.427523E+03  3.934E-03  1.090E-10  1.714E-14  5.883E-19  2.069E-02
       35700  1.427917E+03  3.934E-03  1.090E-10  1.630E-14  5.592E-19  2.069E-02
       35800  1.428310E+03  3.934E-03  1.090E-10  1.549E-14  5.316E-19  2.069E-02
       35900  1.428704E+03  3.934E-03  1.090E-10  1.473E-14  5.054E-19  2.070E-02
       36000  1.429097E+03  3.934E-03  1.090E-10  1.400E-14  4.805E-19  2.070E-02
       36100  1.429490E+03  3.934E-03  1.090E-10  1.331E-14  4.568E-19  2.070E-02
       36200  1.429884E+03  3.934E-03  1.090E-10  1.266E-14  4.342E-19  2.070E-02
       36300  1.430277E+03  3.934E-03  1.090E-10  1.203E-14  4.128E-19  2.070E-02
       36400  1.430670E+03  3.934E-03  1.090E-10  1.144E-14  3.924E-19  2.070E-02
       36500  1.431064E+03  3.934E-03  1.090E-10  1.087E-14  3.731E-19  2.070E-02
       36600  1.431457E+03  3.934E-03  1.090E-10  1.034E-14  3.547E-19  2.071E-02
       36700  1.431851E+03  3.934E-03  1.090E-10  9.827E-15  3.372E-19  2.071E-02
       36800  1.432244E+03  3.934E-03  1.090E-10  9.342E-15  3.205E-19  2.071E-02
       36900  1.432637E+03  3.934E-03  1.090E-10  8.881E-15  3.047E-19  2.071E-02
       37000  1.433031E+03  3.934E-03  1.090E-10  8.442E-15  2.897E-19  2.071E-02
       37100  1.433424E+03  3.934E-03  1.090E-10  8.026E-15  2.754E-19  2.071E-02
       37200  1.433817E+03  3.934E-03  1.090E-10  7.630E-15  2.618E-19  2.071E-02
       37300  1.434211E+03  3.934E-03  1.090E-10  7.254E-15  2.489E-19  2.072E-02
       37400  1.434604E+03  3.934E-03  1.090E-10  6.895E-15  2.366E-19  2.072E-02
       37500  1.434998E+03  3.934E-03  1.090E-10  6.556E-15  2.249E-19  2.072E-02
       37600  1.435391E+03  3.934E-03  1.090E-10  6.232E-15  2.138E-19  2.072E-02
       37700  1.435784E+03  3.934E-03  1.090E-10  5.924E-15  2.033E-19  2.072E-02
       37800  1.436178E+03  3.934E-03  1.090E-10  5.632E-15  1.933E-19  2.072E-02
       37900  1.436571E+03  3.934E-03  1.090E-10  5.354E-15  1.837E-19  2.072E-02
       38000  1.436964E+03  3.934E-03  1.090E-10  5.090E-15  1.746E-19  2.073E-02
       38100  1.437358E+03  3.934E-03  1.090E-10  4.839E-15  1.660E-19  2.073E-02
       38200  1.437751E+03  3.934E-03  1.090E-10  4.600E-15  1.578E-19  2.073E-02
       38300  1.438145E+03  3.934E-03  1.090E-10  4.373E-15  1.500E-19  2.073E-02
       38400  1.438538E+03  3.934E-03  1.090E-10  4.157E-15  1.426E-19  2.073E-02
       38500  1.438931E+03  3.934E-03  1.090E-10  3.953E-15  1.356E-19  2.073E-02
       38600  1.439325E+03  3.934E-03  1.090E-10  3.757E-15  1.289E-19  2.073E-02
       38700  1.439718E+03  3.934E-03  1.090E-10  3.573E-15  1.226E-19  2.074E-02
       38800  1.440111E+03  3.934E-03  1.090E-10  3.395E-15  1.165E-19  2.074E-02
       38900  1.440505E+03  3.934E-03  1.090E-10  3.228E-15  1.108E-19  2.074E-02
       39000  1.440898E+03  3.934E-03  1.090E-10  3.069E-15  1.053E-19  2.074E-02
       39100  1.441292E+03  3.934E-03  1.090E-10  2.917E-15  1.001E-19  2.074E-02
       39200  1.441685E+03  3.934E-03  1.090E-10  2.774E-15  9.517E-20  2.074E-02
       39300  1.442078E+03  3.934E-03  1.090E-10  2.637E-15  9.047E-20  2.074E-02
       39400  1.442472E+03  3.934E-03  1.090E-10  2.507E-15  8.600E-20  2.075E-02
       39500  1.442865E+03  3.934E-03  1.090E-10  2.383E-15  8.176E-20  2.075E-02
       39600  1.443258E+03  3.934E-03  1.090E-10  2.265E-15  7.773E-20  2.075E-02
       39700  1.443652E+03  3.934E-03  1.090E-10  2.154E-15  7.389E-20  2.075E-02
       39800  1.444045E+03  3.934E-03  1.090E-10  2.047E-15  7.024E-20  2.075E-02
       39900  1.444439E+03  3.934E-03  1.090E-10  1.946E-15  6.678E-20  2.075E-02
       40000  1.444832E+03  3.934E-03  1.090E-10  1.850E-15  6.349E-20  2.076E-02
       40100  1.445225E+03  3.934E-03  1.090E-10  1.759E-15  6.035E-20  2.076E-02
       40200  1.445619E+03  3.934E-03  1.090E-10  1.673E-15  5.738E-20  2.076E-02
       40300  1.446012E+03  3.934E-03  1.090E-10  1.589E-15  5.454E-20  2.076E-02
       40400  1.446405E+03  3.934E-03  1.090E-10  1.511E-15  5.185E-20  2.076E-02
       40500  1.446799E+03  3.934E-03  1.090E-10  1.437E-15  4.930E-20  2.076E-02
       40600  1.447192E+03  3.934E-03  1.090E-10  1.366E-15  4.687E-20  2.076E-02
       40700  1.447586E+03  3.934E-03  1.090E-10  1.299E-15  4.455E-20  2.077E-02
       40800  1.447979E+03  3.934E-03  1.090E-10  1.234E-15  4.235E-20  2.077E-02
       40900  1.448372E+03  3.934E-03  1.090E-10  1.173E-15  4.026E-20  2.077E-02
       41000  1.448766E+03  3.934E-03  1.090E-10  1.116E-15  3.828E-20  2.077E-02
       41100  1.449159E+03  3.934E-03  1.090E-10  1.061E-15  3.639E-20  2.077E-02
       41200  1.449552E+03  3.934E-03  1.090E-10  1.007E-15  3.459E-20  2.077E-02
       41300  1.449946E+03  3.934E-03  1.090E-10  9.585E-16  3.288E-20  2.077E-02
       41400  1.450339E+03  3.934E-03  1.090E-10  9.115E-16  3.127E-20  2.078E-02
       41500  1.450733E+03  3.934E-03  1.090E-10  8.662E-16  2.972E-20  2.078E-02
       41600  1.451126E+03  3.934E-03  1.090E-10  8.235E-16  2.825E-20  2.078E-02
       41700  1.451519E+03  3.934E-03  1.090E-10  7.825E-16  2.686E-20  2.078E-02
       41800  1.451913E+03  3.934E-03  1.090E-10  7.448E-16  2.554E-20  2.078E-02
       41900  1.452306E+03  3.934E-03  1.090E-10  7.074E-16  2.427E-20  2.078E-02
       42000  1.452699E+03  3.934E-03  1.090E-10  6.723E-16  2.307E-20  2.078E-02
       42100  1.453093E+03  3.934E-03  1.090E-10  6.396E-16  2.194E-20  2.079E-02
       42200  1.453486E+03  3.934E-03  1.090E-10  6.071E-16  2.085E-20  2.079E-02
       42300  1.453879E+03  3.934E-03  1.090E-10  5.780E-16  1.982E-20  2.079E-02
       42400  1.454273E+03  3.934E-03  1.090E-10  5.499E-16  1.885E-20  2.079E-02
       42500  1.454666E+03  3.934E-03  1.090E-10  5.218E-16  1.791E-20  2.079E-02
       42600  1.455060E+03  3.934E-03  1.090E-10  4.966E-16  1.704E-20  2.079E-02
       42700  1.455453E+03  3.934E-03  1.090E-10  4.718E-16  1.619E-20  2.079E-02
       42800  1.455846E+03  3.934E-03  1.090E-10  4.487E-16  1.539E-20  2.080E-02
       42900  1.456240E+03  3.934E-03  1.090E-10  4.265E-16  1.463E-20  2.080E-02
       43000  1.456633E+03  3.934E-03  1.090E-10  4.050E-16  1.391E-20  2.080E-02
       43100  1.457026E+03  3.934E-03  1.090E-10  3.861E-16  1.324E-20  2.080E-02
       43200  1.457420E+03  3.934E-03  1.090E-10  3.663E-16  1.256E-20  2.080E-02
       43300  1.457813E+03  3.934E-03  1.090E-10  3.484E-16  1.196E-20  2.080E-02
       43400  1.458207E+03  3.934E-03  1.090E-10  3.309E-16  1.136E-20  2.081E-02
       43500  1.458600E+03  3.934E-03  1.090E-10  3.153E-16  1.080E-20  2.081E-02
       43600  1.458993E+03  3.934E-03  1.090E-10  2.991E-16  1.027E-20  2.081E-02
       43700  1.459387E+03  3.934E-03  1.090E-10  2.845E-16  9.764E-21  2.081E-02
       43800  1.459780E+03  3.934E-03  1.090E-10  2.703E-16  9.279E-21  2.081E-02
       43900  1.460173E+03  3.934E-03  1.090E-10  2.571E-16  8.833E-21  2.081E-02
       44000  1.460567E+03  3.934E-03  1.090E-10  2.452E-16  8.387E-21  2.081E-02
       44100  1.460960E+03  3.934E-03  1.090E-10  2.316E-16  7.966E-21  2.082E-02
       44200  1.461354E+03  3.934E-03  1.090E-10  2.217E-16  7.599E-21  2.082E-02
       44300  1.461747E+03  3.934E-03  1.090E-10  2.094E-16  7.186E-21  2.082E-02
       44400  1.462140E+03  3.934E-03  1.090E-10  1.998E-16  6.860E-21  2.082E-02
       44500  1.462534E+03  3.934E-03  1.090E-10  1.902E-16  6.517E-21  2.082E-02
       44600  1.462927E+03  3.934E-03  1.090E-10  1.803E-16  6.178E-21  2.082E-02
       44700  1.463320E+03  3.934E-03  1.090E-10  1.711E-16  5.885E-21  2.082E-02
       44800  1.463714E+03  3.934E-03  1.090E-10  1.638E-16  5.601E-21  2.083E-02
       44900  1.464107E+03  3.934E-03  1.090E-10  1.545E-16  5.323E-21  2.083E-02
       45000  1.464501E+03  3.934E-03  1.090E-10  1.479E-16  5.060E-21  2.083E-02
       45100  1.464894E+03  3.934E-03  1.090E-10  1.400E-16  4.804E-21  2.083E-02
       45200  1.465287E+03  3.934E-03  1.090E-10  1.327E-16  4.564E-21  2.083E-02
       45300  1.465681E+03  3.934E-03  1.090E-10  1.264E-16  4.341E-21  2.083E-02
       45400  1.466074E+03  3.934E-03  1.090E-10  1.204E-16  4.130E-21  2.083E-02
       45500  1.466467E+03  3.934E-03  1.090E-10  1.145E-16  3.939E-21  2.084E-02
       45600  1.466861E+03  3.934E-03  1.090E-10  1.095E-16  3.754E-21  2.084E-02
       45700  1.467254E+03  3.934E-03  1.090E-10  1.026E-16  3.519E-21  2.084E-02
       45800  1.467648E+03  3.934E-03  1.090E-10  9.860E-17  3.371E-21  2.084E-02
       45900  1.468041E+03  3.934E-03  1.090E-10  9.463E-17  3.250E-21  2.084E-02
       46000  1.468434E+03  3.934E-03  1.090E-10  8.801E-17  3.004E-21  2.084E-02
       46100  1.468828E+03  3.934E-03  1.090E-10  8.437E-17  2.913E-21  2.084E-02
       46200  1.469221E+03  3.934E-03  1.090E-10  8.040E-17  2.752E-21  2.085E-02
       46300  1.469614E+03  3.934E-03  1.090E-10  7.610E-17  2.611E-21  2.085E-02
       46400  1.470008E+03  3.934E-03  1.090E-10  7.279E-17  2.502E-21  2.085E-02
       46500  1.470401E+03  3.934E-03  1.090E-10  6.849E-17  2.354E-21  2.085E-02
       46600  1.470795E+03  3.934E-03  1.090E-10  6.584E-17  2.254E-21  2.085E-02
       46700  1.471188E+03  3.934E-03  1.090E-10  6.287E-17  2.151E-21  2.085E-02
       46800  1.471581E+03  3.934E-03  1.090E-10  5.790E-17  2.002E-21  2.086E-02
       46900  1.471975E+03  3.934E-03  1.090E-10  5.889E-17  2.002E-21  2.086E-02
       47000  1.472368E+03  3.934E-03  1.090E-10  5.095E-17  1.772E-21  2.086E-02
       47100  1.472761E+03  3.934E-03  1.090E-10  5.162E-17  1.752E-21  2.086E-02
       47200  1.473155E+03  3.934E-03  1.090E-10  5.029E-17  1.728E-21  2.086E-02
       47300  1.473548E+03  3.934E-03  1.090E-10  4.367E-17  1.499E-21  2.086E-02
       47400  1.473942E+03  3.934E-03  1.090E-10  4.334E-17  1.503E-21  2.086E-02
       47500  1.474335E+03  3.934E-03  1.090E-10  4.401E-17  1.501E-21  2.087E-02
       47600  1.474728E+03  3.934E-03  1.090E-10  3.772E-17  1.298E-21  2.087E-02
       47700  1.475122E+03  3.934E-03  1.090E-10  3.640E-17  1.253E-21  2.087E-02
       47800  1.475515E+03  3.934E-03  1.090E-10  3.673E-17  1.251E-21  2.087E-02
       47900  1.475908E+03  3.934E-03  1.090E-10  3.640E-17  1.250E-21  2.087E-02
       48000  1.476302E+03  3.934E-03  1.090E-10  3.011E-17  1.036E-21  2.087E-02
       48100  1.476695E+03  3.934E-03  1.090E-10  2.912E-17  1.001E-21  2.087E-02
       48200  1.477089E+03  3.934E-03  1.090E-10  2.978E-17  1.002E-21  2.088E-02
       48300  1.477482E+03  3.934E-03  1.090E-10  2.912E-17  1.001E-21  2.088E-02
       48400  1.477875E+03  3.934E-03  1.090E-10  2.879E-17  1.001E-21  2.088E-02
       48500  1.478269E+03  3.934E-03  1.090E-10  2.283E-17  7.737E-22  2.088E-02
       48600  1.478662E+03  3.934E-03  1.090E-10  2.184E-17  7.497E-22  2.088E-02
       48700  1.479055E+03  3.934E-03  1.090E-10  2.151E-17  7.510E-22  2.088E-02
       48800  1.479449E+03  3.934E-03  1.090E-10  2.250E-17  7.523E-22  2.088E-02
       48900  1.479842E+03  3.934E-03  1.090E-10  2.118E-17  7.497E-22  2.089E-02
       49000  1.480236E+03  3.934E-03  1.090E-10  2.250E-17  7.510E-22  2.089E-02
       49100  1.480629E+03  3.934E-03  1.090E-10  1.952E-17  6.664E-22  2.089E-02
       49200  1.481022E+03  3.934E-03  1.090E-10  1.423E-17  5.023E-22  2.089E-02
       49300  1.481416E+03  3.934E-03  1.090E-10  1.456E-17  4.998E-22  2.089E-02
       49400  1.481809E+03  3.934E-03  1.090E-10  1.456E-17  5.011E-22  2.089E-02
       49500  1.482202E+03  3.934E-03  1.090E-10  1.456E-17  4.998E-22  2.089E-02
       49600  1.482596E+03  3.934E-03  1.090E-10  1.522E-17  5.011E-22  2.090E-02
       49700  1.482989E+03  3.934E-03  1.090E-10  1.423E-17  4.998E-22  2.090E-02
       49800  1.483383E+03  3.934E-03  1.090E-10  1.456E-17  5.011E-22  2.090E-02
       49900  1.483776E+03  3.934E-03  1.090E-10  1.456E-17  4.998E-22  2.090E-02
       50000  1.484169E+03  3.934E-03  1.090E-10  1.456E-17  5.011E-22  2.090E-02
       50100  1.484563E+03  3.934E-03  1.090E-10  1.092E-17  3.900E-22  2.090E-02
       50200  1.484956E+03  3.934E-03  1.090E-10  7.610E-18  2.499E-22  2.090E-02
       50300  1.485349E+03  3.934E-03  1.090E-10  7.279E-18  2.499E-22  2.091E-02
       50400  1.485743E+03  3.934E-03  1.090E-10  7.610E-18  2.512E-22  2.091E-02
       50500  1.486136E+03  3.934E-03  1.090E-10  7.279E-18  2.486E-22  2.091E-02
       50600  1.486529E+03  3.934E-03  1.090E-10  6.617E-18  2.512E-22  2.091E-02
       50700  1.486923E+03  3.934E-03  1.090E-10  7.941E-18  2.512E-22  2.091E-02
       50800  1.487316E+03  3.934E-03  1.090E-10  7.279E-18  2.499E-22  2.091E-02
       50900  1.487710E+03  3.934E-03  1.090E-10  7.279E-18  2.499E-22  2.092E-02
       51000  1.488103E+03  3.934E-03  1.090E-10  6.948E-18  2.499E-22  2.092E-02
       51100  1.488496E+03  3.934E-03  1.090E-10  7.279E-18  2.512E-22  2.092E-02
       51200  1.488890E+03  3.934E-03  1.090E-10  7.610E-18  2.499E-22  2.092E-02
       51300  1.489283E+03  3.934E-03  1.090E-10  7.279E-18  2.499E-22  2.092E-02
       51400  1.489676E+03  3.934E-03  1.090E-10  7.279E-18  2.512E-22  2.092E-02
       51500  1.490070E+03  3.934E-03  1.090E-10  7.279E-18  2.499E-22  2.092E-02
       51600  1.490463E+03  3.934E-03  1.090E-10  6.948E-18  2.512E-22  2.093E-02
       51700  1.490857E+03  3.934E-03  1.090E-10  7.610E-18  2.486E-22  2.093E-02
       51800  1.491250E+03  3.934E-03  1.090E-10  7.279E-18  2.512E-22  2.093E-02
       51900  1.491643E+03  3.934E-03  1.090E-10  7.279E-18  2.512E-22  2.093E-02
       52000  1.492037E+03  3.934E-03  1.090E-10  6.948E-18  2.499E-22  2.093E-02
       52100  1.492430E+03  3.934E-03  1.090E-10  2.647E-18  7.952E-23  2.093E-02
       52200  1.492823E+03  3.934E-03  1.090E-10  0.000E+00  0.000E+00  2.093E-02
       52300  1.493217E+03  3.934E-03  1.090E-10  0.000E+00  0.000E+00  2.094E-02
       52400  1.493610E+03  3.934E-03  1.090E-10  0.000E+00  0.000E+00  2.094E-02
       52500  1.494004E+03  3.934E-03  1.090E-10  0.000E+00  0.000E+00  2.094E-02
       52600  1.494397E+03  3.934E-03  1.090E-10  0.000E+00  0.000E+00  2.094E-02
       52700  1.494790E+03  3.934E-03  1.090E-10  0.000E+00  0.000E+00  2.094E-02
       52800  1.495184E+03  3.934E-03  1.090E-10  0.000E+00  0.000E+00  2.094E-02
       52900  1.495577E+03  3.934E-03  1.090E-10  0.000E+00  0.000E+00  2.094E-02
       53000  1.495970E+03  3.934E-03  1.090E-10  0.000E+00  0.000E+00  2.095E-02
       53100  1.496364E+03  3.934E-03  1.090E-10  0.000E+00  0.000E+00  2.095E-02
       53200  1.496757E+03  3.934E-03  1.090E-10  0.000E+00  0.000E+00  2.095E-02
       53300  1.497151E+03  3.934E-03  1.090E-10  0.000E+00  0.000E+00  2.095E-02
       53400  1.497544E+03  3.934E-03  1.090E-10  0.000E+00  0.000E+00  2.095E-02
       53500  1.497937E+03  3.934E-03  1.090E-10  0.000E+00  0.000E+00  2.095E-02
       53600  1.498331E+03  3.934E-03  1.090E-10  0.000E+00  0.000E+00  2.095E-02
       53700  1.498724E+03  3.934E-03  1.090E-10  0.000E+00  0.000E+00  2.096E-02
       53800  1.499117E+03  3.934E-03  1.090E-10  0.000E+00  0.000E+00  2.096E-02
       53900  1.499511E+03  3.934E-03  1.090E-10  0.000E+00  0.000E+00  2.096E-02
       54000  1.499904E+03  3.934E-03  1.090E-10  0.000E+00  0.000E+00  2.096E-02
       54100  1.500298E+03  3.934E-03  1.090E-10  0.000E+00  0.000E+00  2.096E-02
       54200  1.500691E+03  3.934E-03  1.090E-10  0.000E+00  0.000E+00  2.096E-02
       54300  1.501084E+03  3.934E-03  1.090E-10  0.000E+00  0.000E+00  2.097E-02
       54400  1.501478E+03  3.934E-03  1.090E-10  0.000E+00  0.000E+00  2.097E-02
       54500  1.501871E+03  3.934E-03  1.090E-10  0.000E+00  0.000E+00  2.097E-02
       54600  1.502264E+03  3.934E-03  1.090E-10  0.000E+00  0.000E+00  2.097E-02
       54700  1.502658E+03  3.934E-03  1.090E-10  0.000E+00  0.000E+00  2.097E-02
       54800  1.503051E+03  3.934E-03  1.090E-10  0.000E+00  0.000E+00  2.097E-02
       54900  1.503445E+03  3.934E-03  1.090E-10  0.000E+00  0.000E+00  2.097E-02
       55000  1.503838E+03  3.934E-03  1.090E-10  0.000E+00  0.000E+00  2.098E-02
       55100  1.504231E+03  3.934E-03  1.090E-10  0.000E+00  0.000E+00  2.098E-02
       55200  1.504625E+03  3.934E-03  1.090E-10  0.000E+00  0.000E+00  2.098E-02
       55300  1.505018E+03  3.934E-03  1.090E-10  0.000E+00  0.000E+00  2.098E-02
       55400  1.505411E+03  3.934E-03  1.090E-10  0.000E+00  0.000E+00  2.098E-02
       55500  1.505805E+03  3.934E-03  1.090E-10  0.000E+00  0.000E+00  2.098E-02
       55600  1.506198E+03  3.934E-03  1.090E-10  0.000E+00  0.000E+00  2.098E-02
       55700  1.506592E+03  3.934E-03  1.090E-10  0.000E+00  0.000E+00  2.099E-02
       55800  1.506985E+03  3.934E-03  1.090E-10  0.000E+00  0.000E+00  2.099E-02
       55900  1.507378E+03  3.934E-03  1.090E-10  0.000E+00  0.000E+00  2.099E-02
       56000  1.507772E+03  3.934E-03  1.090E-10  0.000E+00  0.000E+00  2.099E-02
       56100  1.508165E+03  3.934E-03  1.090E-10  0.000E+00  0.000E+00  2.099E-02
       56200  1.508558E+03  3.934E-03  1.090E-10  0.000E+00  0.000E+00  2.099E-02
       56300  1.508952E+03  3.934E-03  1.090E-10  0.000E+00  0.000E+00  2.099E-02
       56400  1.509345E+03  3.934E-03  1.090E-10  0.000E+00  0.000E+00  2.100E-02
       56500  1.509739E+03  3.934E-03  1.090E-10  0.000E+00  0.000E+00  2.100E-02
       56600  1.510132E+03  3.934E-03  1.090E-10  0.000E+00  0.000E+00  2.100E-02
       56700  1.510525E+03  3.934E-03  1.090E-10  0.000E+00  0.000E+00  2.100E-02
       56800  1.510919E+03  3.934E-03  1.090E-10  0.000E+00  0.000E+00  2.100E-02
       56900  1.511312E+03  3.934E-03  1.090E-10  0.000E+00  0.000E+00  2.100E-02
       57000  1.511705E+03  3.934E-03  1.090E-10  0.000E+00  0.000E+00  2.100E-02
       57100  1.512099E+03  3.934E-03  1.090E-10  0.000E+00  0.000E+00  2.101E-02
       57200  1.512492E+03  3.934E-03  1.090E-10  0.000E+00  0.000E+00  2.101E-02
       57300  1.512886E+03  3.934E-03  1.090E-10  0.000E+00  0.000E+00  2.101E-02
       57400  1.513279E+03  3.934E-03  1.090E-10  0.000E+00  0.000E+00  2.101E-02
       57500  1.513672E+03  3.934E-03  1.090E-10  0.000E+00  0.000E+00  2.101E-02
       57600  1.514066E+03  3.934E-03  1.090E-10  0.000E+00  0.000E+00  2.101E-02
       57700  1.514459E+03  3.934E-03  1.090E-10  0.000E+00  0.000E+00  2.102E-02
       57800  1.514852E+03  3.934E-03  1.090E-10  0.000E+00  0.000E+00  2.102E-02
       57900  1.515246E+03  3.934E-03  1.090E-10  0.000E+00  0.000E+00  2.102E-02
       58000  1.515639E+03  3.934E-03  1.090E-10  0.000E+00  0.000E+00  2.102E-02
       58100  1.516033E+03  3.934E-03  1.090E-10  0.000E+00  0.000E+00  2.102E-02
       58200  1.516426E+03  3.934E-03  1.090E-10  0.000E+00  0.000E+00  2.102E-02
       58300  1.516819E+03  3.934E-03  1.090E-10  0.000E+00  0.000E+00  2.102E-02
       58400  1.517213E+03  3.934E-03  1.090E-10  0.000E+00  0.000E+00  2.103E-02
       58500  1.517606E+03  3.934E-03  1.090E-10  0.000E+00  0.000E+00  2.103E-02
       58600  1.517999E+03  3.934E-03  1.090E-10  0.000E+00  0.000E+00  2.103E-02
       58700  1.518393E+03  3.934E-03  1.090E-10  0.000E+00  0.000E+00  2.103E-02
       58800  1.518786E+03  3.934E-03  1.090E-10  0.000E+00  0.000E+00  2.103E-02
       58900  1.519179E+03  3.934E-03  1.090E-10  0.000E+00  0.000E+00  2.103E-02
       59000  1.519573E+03  3.934E-03  1.090E-10  0.000E+00  0.000E+00  2.103E-02
       59100  1.519966E+03  3.934E-03  1.090E-10  0.000E+00  0.000E+00  2.104E-02
       59200  1.520360E+03  3.934E-03  1.090E-10  0.000E+00  0.000E+00  2.104E-02
       59300  1.520753E+03  3.934E-03  1.090E-10  0.000E+00  0.000E+00  2.104E-02
       59400  1.521146E+03  3.934E-03  1.090E-10  0.000E+00  0.000E+00  2.104E-02
       59500  1.521540E+03  3.934E-03  1.090E-10  0.000E+00  0.000E+00  2.104E-02
       59600  1.521933E+03  3.934E-03  1.090E-10  0.000E+00  0.000E+00  2.104E-02
       59700  1.522326E+03  3.934E-03  1.090E-10  0.000E+00  0.000E+00  2.104E-02
       59800  1.522720E+03  3.934E-03  1.090E-10  0.000E+00  0.000E+00  2.105E-02
       59900  1.523113E+03  3.934E-03  1.090E-10  0.000E+00  0.000E+00  2.105E-02
       60000  1.523507E+03  3.934E-03  1.090E-10  0.000E+00  0.000E+00  2.105E-02
       60100  1.523900E+03  3.934E-03  1.090E-10  0.000E+00  0.000E+00  2.105E-02
       60200  1.524293E+03  3.934E-03  1.090E-10  0.000E+00  0.000E+00  2.105E-02
       60300  1.524687E+03  3.934E-03  1.090E-10  0.000E+00  0.000E+00  2.105E-02
       60400  1.525080E+03  3.934E-03  1.090E-10  0.000E+00  0.000E+00  2.105E-02
       60500  1.525473E+03  3.934E-03  1.090E-10  0.000E+00  0.000E+00  2.106E-02
       60600  1.525867E+03  3.934E-03  1.090E-10  0.000E+00  0.000E+00  2.106E-02
       60700  1.526260E+03  3.934E-03  1.090E-10  0.000E+00  0.000E+00  2.106E-02
       60800  1.526654E+03  3.934E-03  1.090E-10  0.000E+00  0.000E+00  2.106E-02
       60900  1.527047E+03  3.934E-03  1.090E-10  0.000E+00  0.000E+00  2.106E-02
       61000  1.527440E+03  3.934E-03  1.090E-10  0.000E+00  0.000E+00  2.106E-02
       61100  1.527834E+03  3.934E-03  1.090E-10  0.000E+00  0.000E+00  2.106E-02
       61200  1.528227E+03  3.934E-03  1.090E-10  0.000E+00  0.000E+00  2.107E-02
       61300  1.528620E+03  3.934E-03  1.090E-10  0.000E+00  0.000E+00  2.107E-02
       61400  1.529014E+03  3.934E-03  1.090E-10  0.000E+00  0.000E+00  2.107E-02
       61500  1.529407E+03  3.934E-03  1.090E-10  0.000E+00  0.000E+00  2.107E-02
       61600  1.529801E+03  3.934E-03  1.090E-10  0.000E+00  0.000E+00  2.107E-02
       61700  1.530194E+03  3.934E-03  1.090E-10  0.000E+00  0.000E+00  2.107E-02
       61800  1.530587E+03  3.934E-03  1.090E-10  0.000E+00  0.000E+00  2.108E-02
       61900  1.530981E+03  3.934E-03  1.090E-10  0.000E+00  0.000E+00  2.108E-02
       62000  1.531374E+03  3.934E-03  1.090E-10  0.000E+00  0.000E+00  2.108E-02
       62100  1.531767E+03  3.934E-03  1.090E-10  0.000E+00  0.000E+00  2.108E-02
       62200  1.532161E+03  3.934E-03  1.090E-10  0.000E+00  0.000E+00  2.108E-02
       62300  1.532554E+03  3.934E-03  1.090E-10  0.000E+00  0.000E+00  2.108E-02
       62400  1.532948E+03  3.934E-03  1.090E-10  0.000E+00  0.000E+00  2.108E-02
       62500  1.533341E+03  3.934E-03  1.090E-10  0.000E+00  0.000E+00  2.109E-02
       62600  1.533734E+03  3.934E-03  1.090E-10  0.000E+00  0.000E+00  2.109E-02
       62700  1.534128E+03  3.934E-03  1.090E-10  0.000E+00  0.000E+00  2.109E-02
       62800  1.534521E+03  3.934E-03  1.090E-10  0.000E+00  0.000E+00  2.109E-02
       62900  1.534914E+03  3.934E-03  1.090E-10  0.000E+00  0.000E+00  2.109E-02
       63000  1.535308E+03  3.934E-03  1.090E-10  0.000E+00  0.000E+00  2.109E-02
       63100  1.535701E+03  3.934E-03  1.090E-10  0.000E+00  0.000E+00  2.109E-02
       63200  1.536095E+03  3.934E-03  1.090E-10  0.000E+00  0.000E+00  2.110E-02
       63300  1.536488E+03  3.934E-03  1.090E-10  0.000E+00  0.000E+00  2.110E-02
       63400  1.536881E+03  3.934E-03  1.090E-10  0.000E+00  0.000E+00  2.110E-02
       63500  1.537275E+03  3.934E-03  1.090E-10  0.000E+00  0.000E+00  2.110E-02
       63600  1.537668E+03  3.934E-03  1.090E-10  0.000E+00  0.000E+00  2.110E-02
       63700  1.538061E+03  3.934E-03  1.090E-10  0.000E+00  0.000E+00  2.110E-02
       63800  1.538455E+03  3.934E-03  1.090E-10  0.000E+00  0.000E+00  2.110E-02
       63900  1.538848E+03  3.934E-03  1.090E-10  0.000E+00  0.000E+00  2.111E-02
       64000  1.539242E+03  3.934E-03  1.090E-10  0.000E+00  0.000E+00  2.111E-02
       64100  1.539635E+03  3.934E-03  1.090E-10  0.000E+00  0.000E+00  2.111E-02
       64200  1.540028E+03  3.934E-03  1.090E-10  0.000E+00  0.000E+00  2.111E-02
       64300  1.540422E+03  3.934E-03  1.090E-10  0.000E+00  0.000E+00  2.111E-02
       64400  1.540815E+03  3.934E-03  1.090E-10  0.000E+00  0.000E+00  2.111E-02
       64500  1.541208E+03  3.934E-03  1.090E-10  0.000E+00  0.000E+00  2.111E-02
       64600  1.541602E+03  3.934E-03  1.090E-10  0.000E+00  0.000E+00  2.112E-02
       64700  1.541995E+03  3.934E-03  1.090E-10  0.000E+00  0.000E+00  2.112E-02
       64800  1.542389E+03  3.934E-03  1.090E-10  0.000E+00  0.000E+00  2.112E-02
       64900  1.542782E+03  3.934E-03  1.090E-10  0.000E+00  0.000E+00  2.112E-02
       65000  1.543175E+03  3.934E-03  1.090E-10  0.000E+00  0.000E+00  2.112E-02
       65100  1.543569E+03  3.934E-03  1.090E-10  0.000E+00  0.000E+00  2.112E-02
       65200  1.543962E+03  3.934E-03  1.090E-10  0.000E+00  0.000E+00  2.113E-02
       65300  1.544355E+03  3.934E-03  1.090E-10  0.000E+00  0.000E+00  2.113E-02
       65400  1.544749E+03  3.934E-03  1.090E-10  0.000E+00  0.000E+00  2.113E-02
       65500  1.545142E+03  3.934E-03  1.090E-10  0.000E+00  0.000E+00  2.113E-02
       65600  1.545536E+03  3.934E-03  1.090E-10  0.000E+00  0.000E+00  2.113E-02
       65700  1.545929E+03  3.934E-03  1.090E-10  0.000E+00  0.000E+00  2.113E-02
       65800  1.546322E+03  3.934E-03  1.090E-10  0.000E+00  0.000E+00  2.113E-02
       65900  1.546716E+03  3.934E-03  1.090E-10  0.000E+00  0.000E+00  2.114E-02
       66000  1.547109E+03  3.934E-03  1.090E-10  0.000E+00  0.000E+00  2.114E-02
       66100  1.547502E+03  3.934E-03  1.090E-10  0.000E+00  0.000E+00  2.114E-02
       66200  1.547896E+03  3.934E-03  1.090E-10  0.000E+00  0.000E+00  2.114E-02
       66300  1.548289E+03  3.934E-03  1.090E-10  0.000E+00  0.000E+00  2.114E-02
       66400  1.548683E+03  3.934E-03  1.090E-10  0.000E+00  0.000E+00  2.114E-02
       66500  1.549076E+03  3.934E-03  1.090E-10  0.000E+00  0.000E+00  2.114E-02
       66600  1.549469E+03  3.934E-03  1.090E-10  0.000E+00  0.000E+00  2.115E-02
       66700  1.549863E+03  3.934E-03  1.090E-10  0.000E+00  0.000E+00  2.115E-02
       66800  1.550256E+03  3.934E-03  1.090E-10  0.000E+00  0.000E+00  2.115E-02
       66900  1.550649E+03  3.934E-03  1.090E-10  0.000E+00  0.000E+00  2.115E-02
       67000  1.551043E+03  3.934E-03  1.090E-10  0.000E+00  0.000E+00  2.115E-02
       67100  1.551436E+03  3.934E-03  1.090E-10  0.000E+00  0.000E+00  2.115E-02
       67200  1.551829E+03  3.934E-03  1.090E-10  0.000E+00  0.000E+00  2.115E-02
       67300  1.552223E+03  3.934E-03  1.090E-10  0.000E+00  0.000E+00  2.116E-02
       67400  1.552616E+03  3.934E-03  1.090E-10  0.000E+00  0.000E+00  2.116E-02
       67500  1.553010E+03  3.934E-03  1.090E-10  0.000E+00  0.000E+00  2.116E-02
       67600  1.553403E+03  3.934E-03  1.090E-10  0.000E+00  0.000E+00  2.116E-02
       67700  1.553796E+03  3.934E-03  1.090E-10  0.000E+00  0.000E+00  2.116E-02
       67800  1.554190E+03  3.934E-03  1.090E-10  0.000E+00  0.000E+00  2.116E-02
       67900  1.554583E+03  3.934E-03  1.090E-10  0.000E+00  0.000E+00  2.116E-02
       68000  1.554976E+03  3.934E-03  1.090E-10  0.000E+00  0.000E+00  2.117E-02
       68100  1.555370E+03  3.934E-03  1.090E-10  0.000E+00  0.000E+00  2.117E-02
       68200  1.555763E+03  3.934E-03  1.090E-10  0.000E+00  0.000E+00  2.117E-02
       68300  1.556157E+03  3.934E-03  1.090E-10  0.000E+00  0.000E+00  2.117E-02
       68400  1.556550E+03  3.934E-03  1.090E-10  0.000E+00  0.000E+00  2.117E-02
       68500  1.556943E+03  3.934E-03  1.090E-10  0.000E+00  0.000E+00  2.117E-02
       68600  1.557337E+03  3.934E-03  1.090E-10  0.000E+00  0.000E+00  2.118E-02
       68700  1.557730E+03  3.934E-03  1.090E-10  0.000E+00  0.000E+00  2.118E-02
       68800  1.558123E+03  3.934E-03  1.090E-10  0.000E+00  0.000E+00  2.118E-02
       68900  1.558517E+03  3.934E-03  1.090E-10  0.000E+00  0.000E+00  2.118E-02
       69000  1.558910E+03  3.934E-03  1.090E-10  0.000E+00  0.000E+00  2.118E-02
       69100  1.559304E+03  3.934E-03  1.090E-10  0.000E+00  0.000E+00  2.118E-02
       69200  1.559697E+03  3.934E-03  1.090E-10  0.000E+00  0.000E+00  2.118E-02
       69300  1.560090E+03  3.934E-03  1.090E-10  0.000E+00  0.000E+00  2.119E-02
       69400  1.560484E+03  3.934E-03  1.090E-10  0.000E+00  0.000E+00  2.119E-02
       69500  1.560877E+03  3.934E-03  1.090E-10  0.000E+00  0.000E+00  2.119E-02
       69600  1.561270E+03  3.934E-03  1.090E-10  0.000E+00  0.000E+00  2.119E-02
       69700  1.561664E+03  3.934E-03  1.090E-10  0.000E+00  0.000E+00  2.119E-02
       69800  1.562057E+03  3.934E-03  1.090E-10  0.000E+00  0.000E+00  2.119E-02
       69900  1.562451E+03  3.934E-03  1.090E-10  0.000E+00  0.000E+00  2.119E-02
       70000  1.562844E+03  3.934E-03  1.090E-10  0.000E+00  0.000E+00  2.120E-02
       70100  1.563237E+03  3.934E-03  1.090E-10  0.000E+00  0.000E+00  2.120E-02
       70200  1.563631E+03  3.934E-03  1.090E-10  0.000E+00  0.000E+00  2.120E-02
       70300  1.564024E+03  3.934E-03  1.090E-10  0.000E+00  0.000E+00  2.120E-02
       70400  1.564417E+03  3.934E-03  1.090E-10  0.000E+00  0.000E+00  2.120E-02
       70500  1.564811E+03  3.934E-03  1.090E-10  0.000E+00  0.000E+00  2.120E-02
       70600  1.565204E+03  3.934E-03  1.090E-10  0.000E+00  0.000E+00  2.120E-02
       70700  1.565598E+03  3.934E-03  1.090E-10  0.000E+00  0.000E+00  2.121E-02
       70800  1.565991E+03  3.934E-03  1.090E-10  0.000E+00  0.000E+00  2.121E-02
       70900  1.566384E+03  3.934E-03  1.090E-10  0.000E+00  0.000E+00  2.121E-02
       71000  1.566778E+03  3.934E-03  1.090E-10  0.000E+00  0.000E+00  2.121E-02
       71100  1.567171E+03  3.934E-03  1.090E-10  0.000E+00  0.000E+00  2.121E-02
       71200  1.567564E+03  3.934E-03  1.090E-10  0.000E+00  0.000E+00  2.121E-02
       71300  1.567958E+03  3.934E-03  1.090E-10  0.000E+00  0.000E+00  2.121E-02
       71400  1.568351E+03  3.934E-03  1.090E-10  0.000E+00  0.000E+00  2.122E-02
       71500  1.568745E+03  3.934E-03  1.090E-10  0.000E+00  0.000E+00  2.122E-02
       71600  1.569138E+03  3.934E-03  1.090E-10  0.000E+00  0.000E+00  2.122E-02
       71700  1.569531E+03  3.934E-03  1.090E-10  0.000E+00  0.000E+00  2.122E-02
       71800  1.569925E+03  3.934E-03  1.090E-10  0.000E+00  0.000E+00  2.122E-02
       71900  1.570318E+03  3.934E-03  1.090E-10  0.000E+00  0.000E+00  2.122E-02
       72000  1.570711E+03  3.934E-03  1.090E-10  0.000E+00  0.000E+00  2.122E-02
       72100  1.571105E+03  3.934E-03  1.090E-10  0.000E+00  0.000E+00  2.123E-02
       72200  1.571498E+03  3.934E-03  1.090E-10  0.000E+00  0.000E+00  2.123E-02
       72300  1.571892E+03  3.934E-03  1.090E-10  0.000E+00  0.000E+00  2.123E-02
       72400  1.572285E+03  3.934E-03  1.090E-10  0.000E+00  0.000E+00  2.123E-02
       72500  1.572678E+03  3.934E-03  1.090E-10  0.000E+00  0.000E+00  2.123E-02
       72600  1.573072E+03  3.934E-03  1.090E-10  0.000E+00  0.000E+00  2.123E-02
       72700  1.573465E+03  3.934E-03  1.090E-10  0.000E+00  0.000E+00  2.124E-02
       72800  1.573858E+03  3.934E-03  1.090E-10  0.000E+00  0.000E+00  2.124E-02
       72900  1.574252E+03  3.934E-03  1.090E-10  0.000E+00  0.000E+00  2.124E-02
       73000  1.574645E+03  3.934E-03  1.090E-10  0.000E+00  0.000E+00  2.124E-02
       73100  1.575039E+03  3.934E-03  1.090E-10  0.000E+00  0.000E+00  2.124E-02
       73200  1.575432E+03  3.934E-03  1.090E-10  0.000E+00  0.000E+00  2.124E-02
       73300  1.575825E+03  3.934E-03  1.090E-10  0.000E+00  0.000E+00  2.124E-02
       73400  1.576219E+03  3.934E-03  1.090E-10  0.000E+00  0.000E+00  2.125E-02
       73500  1.576612E+03  3.934E-03  1.090E-10  0.000E+00  0.000E+00  2.125E-02
       73600  1.577005E+03  3.934E-03  1.090E-10  0.000E+00  0.000E+00  2.125E-02
       73700  1.577399E+03  3.934E-03  1.090E-10  0.000E+00  0.000E+00  2.125E-02
       73800  1.577792E+03  3.934E-03  1.090E-10  0.000E+00  0.000E+00  2.125E-02
       73900  1.578186E+03  3.934E-03  1.090E-10  0.000E+00  0.000E+00  2.125E-02
       74000  1.578579E+03  3.934E-03  1.090E-10  0.000E+00  0.000E+00  2.125E-02
       74100  1.578972E+03  3.934E-03  1.090E-10  0.000E+00  0.000E+00  2.126E-02
       74200  1.579366E+03  3.934E-03  1.090E-10  0.000E+00  0.000E+00  2.126E-02
       74300  1.579759E+03  3.934E-03  1.090E-10  0.000E+00  0.000E+00  2.126E-02
       74400  1.580152E+03  3.934E-03  1.090E-10  0.000E+00  0.000E+00  2.126E-02
       74500  1.580546E+03  3.934E-03  1.090E-10  0.000E+00  0.000E+00  2.126E-02
       74600  1.580939E+03  3.934E-03  1.090E-10  0.000E+00  0.000E+00  2.126E-02
       74700  1.581333E+03  3.934E-03  1.090E-10  0.000E+00  0.000E+00  2.126E-02
       74800  1.581726E+03  3.934E-03  1.090E-10  0.000E+00  0.000E+00  2.127E-02
       74900  1.582119E+03  3.934E-03  1.090E-10  0.000E+00  0.000E+00  2.127E-02
       75000  1.582513E+03  3.934E-03  1.090E-10  0.000E+00  0.000E+00  2.127E-02
       75100  1.582906E+03  3.934E-03  1.090E-10  0.000E+00  0.000E+00  2.127E-02
       75200  1.583299E+03  3.934E-03  1.090E-10  0.000E+00  0.000E+00  2.127E-02
       75300  1.583693E+03  3.934E-03  1.090E-10  0.000E+00  0.000E+00  2.127E-02
       75400  1.584086E+03  3.934E-03  1.090E-10  0.000E+00  0.000E+00  2.127E-02
       75500  1.584479E+03  3.934E-03  1.090E-10  0.000E+00  0.000E+00  2.128E-02
       75600  1.584873E+03  3.934E-03  1.090E-10  0.000E+00  0.000E+00  2.128E-02
       75700  1.585266E+03  3.934E-03  1.090E-10  0.000E+00  0.000E+00  2.128E-02
       75800  1.585660E+03  3.934E-03  1.090E-10  0.000E+00  0.000E+00  2.128E-02
       75900  1.586053E+03  3.934E-03  1.090E-10  0.000E+00  0.000E+00  2.128E-02
       76000  1.586446E+03  3.934E-03  1.090E-10  0.000E+00  0.000E+00  2.128E-02
       76100  1.586840E+03  3.934E-03  1.090E-10  0.000E+00  0.000E+00  2.129E-02
       76200  1.587233E+03  3.934E-03  1.090E-10  0.000E+00  0.000E+00  2.129E-02
       76300  1.587626E+03  3.934E-03  1.090E-10  0.000E+00  0.000E+00  2.129E-02
       76400  1.588020E+03  3.934E-03  1.090E-10  0.000E+00  0.000E+00  2.129E-02
       76500  1.588413E+03  3.934E-03  1.090E-10  0.000E+00  0.000E+00  2.129E-02
       76600  1.588807E+03  3.934E-03  1.090E-10  0.000E+00  0.000E+00  2.129E-02
       76700  1.589200E+03  3.934E-03  1.090E-10  0.000E+00  0.000E+00  2.129E-02
       76800  1.589593E+03  3.934E-03  1.090E-10  0.000E+00  0.000E+00  2.130E-02
       76900  1.589987E+03  3.934E-03  1.090E-10  0.000E+00  0.000E+00  2.130E-02
       77000  1.590380E+03  3.934E-03  1.090E-10  0.000E+00  0.000E+00  2.130E-02
       77100  1.590773E+03  3.934E-03  1.090E-10  0.000E+00  0.000E+00  2.130E-02
       77200  1.591167E+03  3.934E-03  1.090E-10  0.000E+00  0.000E+00  2.130E-02
       77300  1.591560E+03  3.934E-03  1.090E-10  0.000E+00  0.000E+00  2.130E-02
       77400  1.591954E+03  3.934E-03  1.090E-10  0.000E+00  0.000E+00  2.130E-02
       77500  1.592347E+03  3.934E-03  1.090E-10  0.000E+00  0.000E+00  2.131E-02
       77600  1.592740E+03  3.934E-03  1.090E-10  0.000E+00  0.000E+00  2.131E-02
       77700  1.593134E+03  3.934E-03  1.090E-10  0.000E+00  0.000E+00  2.131E-02
       77800  1.593527E+03  3.934E-03  1.090E-10  0.000E+00  0.000E+00  2.131E-02
       77900  1.593920E+03  3.934E-03  1.090E-10  0.000E+00  0.000E+00  2.131E-02
       78000  1.594314E+03  3.934E-03  1.090E-10  0.000E+00  0.000E+00  2.131E-02
       78100  1.594707E+03  3.934E-03  1.090E-10  0.000E+00  0.000E+00  2.131E-02
       78200  1.595101E+03  3.934E-03  1.090E-10  0.000E+00  0.000E+00  2.132E-02
       78300  1.595494E+03  3.934E-03  1.090E-10  0.000E+00  0.000E+00  2.132E-02
       78400  1.595887E+03  3.934E-03  1.090E-10  0.000E+00  0.000E+00  2.132E-02
       78500  1.596281E+03  3.934E-03  1.090E-10  0.000E+00  0.000E+00  2.132E-02
       78600  1.596674E+03  3.934E-03  1.090E-10  0.000E+00  0.000E+00  2.132E-02
       78700  1.597067E+03  3.934E-03  1.090E-10  0.000E+00  0.000E+00  2.132E-02
       78800  1.597461E+03  3.934E-03  1.090E-10  0.000E+00  0.000E+00  2.132E-02
       78900  1.597854E+03  3.934E-03  1.090E-10  0.000E+00  0.000E+00  2.133E-02
       79000  1.598248E+03  3.934E-03  1.090E-10  0.000E+00  0.000E+00  2.133E-02
       79100  1.598641E+03  3.934E-03  1.090E-10  0.000E+00  0.000E+00  2.133E-02
       79200  1.599034E+03  3.934E-03  1.090E-10  0.000E+00  0.000E+00  2.133E-02
       79300  1.599428E+03  3.934E-03  1.090E-10  0.000E+00  0.000E+00  2.133E-02
       79400  1.599821E+03  3.934E-03  1.090E-10  0.000E+00  0.000E+00  2.133E-02
       79500  1.600214E+03  3.934E-03  1.090E-10  0.000E+00  0.000E+00  2.134E-02
       79600  1.600608E+03  3.934E-03  1.090E-10  0.000E+00  0.000E+00  2.134E-02
       79700  1.601001E+03  3.934E-03  1.090E-10  0.000E+00  0.000E+00  2.134E-02
       79800  1.601395E+03  3.934E-03  1.090E-10  0.000E+00  0.000E+00  2.134E-02
       79900  1.601788E+03  3.934E-03  1.090E-10  0.000E+00  0.000E+00  2.134E-02
       80000  1.602181E+03  3.934E-03  1.090E-10  0.000E+00  0.000E+00  2.134E-02
       80100  1.602575E+03  3.934E-03  1.090E-10  0.000E+00  0.000E+00  2.134E-02
       80200  1.602968E+03  3.934E-03  1.090E-10  0.000E+00  0.000E+00  2.135E-02
       80300  1.603361E+03  3.934E-03  1.090E-10  0.000E+00  0.000E+00  2.135E-02
       80400  1.603755E+03  3.934E-03  1.090E-10  0.000E+00  0.000E+00  2.135E-02
       80500  1.604148E+03  3.934E-03  1.090E-10  0.000E+00  0.000E+00  2.135E-02
       80600  1.604542E+03  3.934E-03  1.090E-10  0.000E+00  0.000E+00  2.135E-02
       80700  1.604935E+03  3.934E-03  1.090E-10  0.000E+00  0.000E+00  2.135E-02
       80800  1.605328E+03  3.934E-03  1.090E-10  0.000E+00  0.000E+00  2.135E-02
       80900  1.605722E+03  3.934E-03  1.090E-10  0.000E+00  0.000E+00  2.136E-02
       81000  1.606115E+03  3.934E-03  1.090E-10  0.000E+00  0.000E+00  2.136E-02
       81100  1.606508E+03  3.934E-03  1.090E-10  0.000E+00  0.000E+00  2.136E-02
       81200  1.606902E+03  3.934E-03  1.090E-10  0.000E+00  0.000E+00  2.136E-02
       81300  1.607295E+03  3.934E-03  1.090E-10  0.000E+00  0.000E+00  2.136E-02
       81400  1.607689E+03  3.934E-03  1.090E-10  0.000E+00  0.000E+00  2.136E-02
       81500  1.608082E+03  3.934E-03  1.090E-10  0.000E+00  0.000E+00  2.136E-02
       81600  1.608475E+03  3.934E-03  1.090E-10  0.000E+00  0.000E+00  2.137E-02
       81700  1.608869E+03  3.934E-03  1.090E-10  0.000E+00  0.000E+00  2.137E-02
       81800  1.609262E+03  3.934E-03  1.090E-10  0.000E+00  0.000E+00  2.137E-02
       81900  1.609655E+03  3.934E-03  1.090E-10  0.000E+00  0.000E+00  2.137E-02
       82000  1.610049E+03  3.934E-03  1.090E-10  0.000E+00  0.000E+00  2.137E-02
       82100  1.610442E+03  3.934E-03  1.090E-10  0.000E+00  0.000E+00  2.137E-02
       82200  1.610836E+03  3.934E-03  1.090E-10  0.000E+00  0.000E+00  2.137E-02
       82300  1.611229E+03  3.934E-03  1.090E-10  0.000E+00  0.000E+00  2.138E-02
       82400  1.611622E+03  3.934E-03  1.090E-10  0.000E+00  0.000E+00  2.138E-02
       82500  1.612016E+03  3.934E-03  1.090E-10  0.000E+00  0.000E+00  2.138E-02
       82600  1.612409E+03  3.934E-03  1.090E-10  0.000E+00  0.000E+00  2.138E-02
       82700  1.612802E+03  3.934E-03  1.090E-10  0.000E+00  0.000E+00  2.138E-02
       82800  1.613196E+03  3.934E-03  1.090E-10  0.000E+00  0.000E+00  2.138E-02
       82900  1.613589E+03  3.934E-03  1.090E-10  0.000E+00  0.000E+00  2.138E-02
       83000  1.613983E+03  3.934E-03  1.090E-10  0.000E+00  0.000E+00  2.139E-02
       83100  1.614376E+03  3.934E-03  1.090E-10  0.000E+00  0.000E+00  2.139E-02
       83200  1.614769E+03  3.934E-03  1.090E-10  0.000E+00  0.000E+00  2.139E-02
       83300  1.615163E+03  3.934E-03  1.090E-10  0.000E+00  0.000E+00  2.139E-02
       83400  1.615556E+03  3.934E-03  1.090E-10  0.000E+00  0.000E+00  2.139E-02
       83500  1.615949E+03  3.934E-03  1.090E-10  0.000E+00  0.000E+00  2.139E-02
       83600  1.616343E+03  3.934E-03  1.090E-10  0.000E+00  0.000E+00  2.140E-02
       83700  1.616736E+03  3.934E-03  1.090E-10  0.000E+00  0.000E+00  2.140E-02
       83800  1.617129E+03  3.934E-03  1.090E-10  0.000E+00  0.000E+00  2.140E-02
       83900  1.617523E+03  3.934E-03  1.090E-10  0.000E+00  0.000E+00  2.140E-02
       84000  1.617916E+03  3.934E-03  1.090E-10  0.000E+00  0.000E+00  2.140E-02
       84100  1.618310E+03  3.934E-03  1.090E-10  0.000E+00  0.000E+00  2.140E-02
       84200  1.618703E+03  3.934E-03  1.090E-10  0.000E+00  0.000E+00  2.140E-02
       84300  1.619096E+03  3.934E-03  1.090E-10  0.000E+00  0.000E+00  2.141E-02
       84400  1.619490E+03  3.934E-03  1.090E-10  0.000E+00  0.000E+00  2.141E-02
       84500  1.619883E+03  3.934E-03  1.090E-10  0.000E+00  0.000E+00  2.141E-02
       84600  1.620276E+03  3.934E-03  1.090E-10  0.000E+00  0.000E+00  2.141E-02
       84700  1.620670E+03  3.934E-03  1.090E-10  0.000E+00  0.000E+00  2.141E-02
       84800  1.621063E+03  3.934E-03  1.090E-10  0.000E+00  0.000E+00  2.141E-02
       84900  1.621457E+03  3.934E-03  1.090E-10  0.000E+00  0.000E+00  2.141E-02
       85000  1.621850E+03  3.934E-03  1.090E-10  0.000E+00  0.000E+00  2.142E-02
       85100  1.622243E+03  3.934E-03  1.090E-10  0.000E+00  0.000E+00  2.142E-02
       85200  1.622637E+03  3.934E-03  1.090E-10  0.000E+00  0.000E+00  2.142E-02
       85300  1.623030E+03  3.934E-03  1.090E-10  0.000E+00  0.000E+00  2.142E-02
       85400  1.623423E+03  3.934E-03  1.090E-10  0.000E+00  0.000E+00  2.142E-02
       85500  1.623817E+03  3.934E-03  1.090E-10  0.000E+00  0.000E+00  2.142E-02
       85600  1.624210E+03  3.934E-03  1.090E-10  0.000E+00  0.000E+00  2.142E-02
       85700  1.624604E+03  3.934E-03  1.090E-10  0.000E+00  0.000E+00  2.143E-02
       85800  1.624997E+03  3.934E-03  1.090E-10  0.000E+00  0.000E+00  2.143E-02
       85900  1.625390E+03  3.934E-03  1.090E-10  0.000E+00  0.000E+00  2.143E-02
       86000  1.625784E+03  3.934E-03  1.090E-10  0.000E+00  0.000E+00  2.143E-02
       86100  1.626177E+03  3.934E-03  1.090E-10  0.000E+00  0.000E+00  2.143E-02
       86200  1.626570E+03  3.934E-03  1.090E-10  0.000E+00  0.000E+00  2.143E-02
       86300  1.626964E+03  3.934E-03  1.090E-10  0.000E+00  0.000E+00  2.143E-02
       86400  1.627357E+03  3.934E-03  1.090E-10  0.000E+00  0.000E+00  2.144E-02
       86500  1.627751E+03  3.934E-03  1.090E-10  0.000E+00  0.000E+00  2.144E-02
       86600  1.628144E+03  3.934E-03  1.090E-10  0.000E+00  0.000E+00  2.144E-02
       86700  1.628537E+03  3.934E-03  1.090E-10  0.000E+00  0.000E+00  2.144E-02
       86800  1.628931E+03  3.934E-03  1.090E-10  0.000E+00  0.000E+00  2.144E-02
       86900  1.629324E+03  3.934E-03  1.090E-10  0.000E+00  0.000E+00  2.144E-02
       87000  1.629717E+03  3.934E-03  1.090E-10  0.000E+00  0.000E+00  2.145E-02
       87100  1.630111E+03  3.934E-03  1.090E-10  0.000E+00  0.000E+00  2.145E-02
       87200  1.630504E+03  3.934E-03  1.090E-10  0.000E+00  0.000E+00  2.145E-02
       87300  1.630898E+03  3.934E-03  1.090E-10  0.000E+00  0.000E+00  2.145E-02
       87400  1.631291E+03  3.934E-03  1.090E-10  0.000E+00  0.000E+00  2.145E-02
       87500  1.631684E+03  3.934E-03  1.090E-10  0.000E+00  0.000E+00  2.145E-02
       87600  1.632078E+03  3.934E-03  1.090E-10  0.000E+00  0.000E+00  2.145E-02
       87700  1.632471E+03  3.934E-03  1.090E-10  0.000E+00  0.000E+00  2.146E-02
       87800  1.632864E+03  3.934E-03  1.090E-10  0.000E+00  0.000E+00  2.146E-02
       87900  1.633258E+03  3.934E-03  1.090E-10  0.000E+00  0.000E+00  2.146E-02
       88000  1.633651E+03  3.934E-03  1.090E-10  0.000E+00  0.000E+00  2.146E-02
       88100  1.634045E+03  3.934E-03  1.090E-10  0.000E+00  0.000E+00  2.146E-02
       88200  1.634438E+03  3.934E-03  1.090E-10  0.000E+00  0.000E+00  2.146E-02
       88300  1.634831E+03  3.934E-03  1.090E-10  0.000E+00  0.000E+00  2.146E-02
       88400  1.635225E+03  3.934E-03  1.090E-10  0.000E+00  0.000E+00  2.147E-02
       88500  1.635618E+03  3.934E-03  1.090E-10  0.000E+00  0.000E+00  2.147E-02
       88600  1.636011E+03  3.934E-03  1.090E-10  0.000E+00  0.000E+00  2.147E-02
       88700  1.636405E+03  3.934E-03  1.090E-10  0.000E+00  0.000E+00  2.147E-02
       88800  1.636798E+03  3.934E-03  1.090E-10  0.000E+00  0.000E+00  2.147E-02
       88900  1.637192E+03  3.934E-03  1.090E-10  0.000E+00  0.000E+00  2.147E-02
       89000  1.637585E+03  3.934E-03  1.090E-10  0.000E+00  0.000E+00  2.147E-02
       89100  1.637978E+03  3.934E-03  1.090E-10  0.000E+00  0.000E+00  2.148E-02
       89200  1.638372E+03  3.934E-03  1.090E-10  0.000E+00  0.000E+00  2.148E-02
       89300  1.638765E+03  3.934E-03  1.090E-10  0.000E+00  0.000E+00  2.148E-02
       89400  1.639158E+03  3.934E-03  1.090E-10  0.000E+00  0.000E+00  2.148E-02
       89500  1.639552E+03  3.934E-03  1.090E-10  0.000E+00  0.000E+00  2.148E-02
       89600  1.639945E+03  3.934E-03  1.090E-10  0.000E+00  0.000E+00  2.148E-02
       89700  1.640339E+03  3.934E-03  1.090E-10  0.000E+00  0.000E+00  2.148E-02
       89800  1.640732E+03  3.934E-03  1.090E-10  0.000E+00  0.000E+00  2.149E-02
       89900  1.641125E+03  3.934E-03  1.090E-10  0.000E+00  0.000E+00  2.149E-02
       90000  1.641519E+03  3.934E-03  1.090E-10  0.000E+00  0.000E+00  2.149E-02
       90100  1.641912E+03  3.934E-03  1.090E-10  0.000E+00  0.000E+00  2.149E-02
       90200  1.642305E+03  3.934E-03  1.090E-10  0.000E+00  0.000E+00  2.149E-02
       90300  1.642699E+03  3.934E-03  1.090E-10  0.000E+00  0.000E+00  2.149E-02
       90400  1.643092E+03  3.934E-03  1.090E-10  0.000E+00  0.000E+00  2.150E-02
       90500  1.643486E+03  3.934E-03  1.090E-10  0.000E+00  0.000E+00  2.150E-02
       90600  1.643879E+03  3.934E-03  1.090E-10  0.000E+00  0.000E+00  2.150E-02
       90700  1.644272E+03  3.934E-03  1.090E-10  0.000E+00  0.000E+00  2.150E-02
       90800  1.644666E+03  3.934E-03  1.090E-10  0.000E+00  0.000E+00  2.150E-02
       90900  1.645059E+03  3.934E-03  1.090E-10  0.000E+00  0.000E+00  2.150E-02
       91000  1.645452E+03  3.934E-03  1.090E-10  0.000E+00  0.000E+00  2.150E-02
       91100  1.645846E+03  3.934E-03  1.090E-10  0.000E+00  0.000E+00  2.151E-02
       91200  1.646239E+03  3.934E-03  1.090E-10  0.000E+00  0.000E+00  2.151E-02
       91300  1.646633E+03  3.934E-03  1.090E-10  0.000E+00  0.000E+00  2.151E-02
       91400  1.647026E+03  3.934E-03  1.090E-10  0.000E+00  0.000E+00  2.151E-02
       91500  1.647419E+03  3.934E-03  1.090E-10  0.000E+00  0.000E+00  2.151E-02
       91600  1.647813E+03  3.934E-03  1.090E-10  0.000E+00  0.000E+00  2.151E-02
       91700  1.648206E+03  3.934E-03  1.090E-10  0.000E+00  0.000E+00  2.151E-02
       91800  1.648599E+03  3.934E-03  1.090E-10  0.000E+00  0.000E+00  2.152E-02
       91900  1.648993E+03  3.934E-03  1.090E-10  0.000E+00  0.000E+00  2.152E-02
       92000  1.649386E+03  3.934E-03  1.090E-10  0.000E+00  0.000E+00  2.152E-02
       92100  1.649779E+03  3.934E-03  1.090E-10  0.000E+00  0.000E+00  2.152E-02
       92200  1.650173E+03  3.934E-03  1.090E-10  0.000E+00  0.000E+00  2.152E-02
       92300  1.650566E+03  3.934E-03  1.090E-10  0.000E+00  0.000E+00  2.152E-02
       92400  1.650960E+03  3.934E-03  1.090E-10  0.000E+00  0.000E+00  2.152E-02
       92500  1.651353E+03  3.934E-03  1.090E-10  0.000E+00  0.000E+00  2.153E-02
       92600  1.651746E+03  3.934E-03  1.090E-10  0.000E+00  0.000E+00  2.153E-02
       92700  1.652140E+03  3.934E-03  1.090E-10  0.000E+00  0.000E+00  2.153E-02
       92800  1.652533E+03  3.934E-03  1.090E-10  0.000E+00  0.000E+00  2.153E-02
       92900  1.652926E+03  3.934E-03  1.090E-10  0.000E+00  0.000E+00  2.153E-02
       93000  1.653320E+03  3.934E-03  1.090E-10  0.000E+00  0.000E+00  2.153E-02
       93100  1.653713E+03  3.934E-03  1.090E-10  0.000E+00  0.000E+00  2.153E-02
       93200  1.654107E+03  3.934E-03  1.090E-10  0.000E+00  0.000E+00  2.154E-02
       93300  1.654500E+03  3.934E-03  1.090E-10  0.000E+00  0.000E+00  2.154E-02
       93400  1.654893E+03  3.934E-03  1.090E-10  0.000E+00  0.000E+00  2.154E-02
       93500  1.655287E+03  3.934E-03  1.090E-10  0.000E+00  0.000E+00  2.154E-02
       93600  1.655680E+03  3.934E-03  1.090E-10  0.000E+00  0.000E+00  2.154E-02
       93700  1.656073E+03  3.934E-03  1.090E-10  0.000E+00  0.000E+00  2.154E-02
       93800  1.656467E+03  3.934E-03  1.090E-10  0.000E+00  0.000E+00  2.154E-02
       93900  1.656860E+03  3.934E-03  1.090E-10  0.000E+00  0.000E+00  2.155E-02
       94000  1.657254E+03  3.934E-03  1.090E-10  0.000E+00  0.000E+00  2.155E-02
       94100  1.657647E+03  3.934E-03  1.090E-10  0.000E+00  0.000E+00  2.155E-02
       94200  1.658040E+03  3.934E-03  1.090E-10  0.000E+00  0.000E+00  2.155E-02
       94300  1.658434E+03  3.934E-03  1.090E-10  0.000E+00  0.000E+00  2.155E-02
       94400  1.658827E+03  3.934E-03  1.090E-10  0.000E+00  0.000E+00  2.155E-02
       94500  1.659220E+03  3.934E-03  1.090E-10  0.000E+00  0.000E+00  2.156E-02
       94600  1.659614E+03  3.934E-03  1.090E-10  0.000E+00  0.000E+00  2.156E-02
       94700  1.660007E+03  3.934E-03  1.090E-10  0.000E+00  0.000E+00  2.156E-02
       94800  1.660401E+03  3.934E-03  1.090E-10  0.000E+00  0.000E+00  2.156E-02
       94900  1.660794E+03  3.934E-03  1.090E-10  0.000E+00  0.000E+00  2.156E-02
       95000  1.661187E+03  3.934E-03  1.090E-10  0.000E+00  0.000E+00  2.156E-02
       95100  1.661581E+03  3.934E-03  1.090E-10  0.000E+00  0.000E+00  2.156E-02
       95200  1.661974E+03  3.934E-03  1.090E-10  0.000E+00  0.000E+00  2.157E-02
       95300  1.662367E+03  3.934E-03  1.090E-10  0.000E+00  0.000E+00  2.157E-02
       95400  1.662761E+03  3.934E-03  1.090E-10  0.000E+00  0.000E+00  2.157E-02
       95500  1.663154E+03  3.934E-03  1.090E-10  0.000E+00  0.000E+00  2.157E-02
       95600  1.663548E+03  3.934E-03  1.090E-10  0.000E+00  0.000E+00  2.157E-02
       95700  1.663941E+03  3.934E-03  1.090E-10  0.000E+00  0.000E+00  2.157E-02
       95800  1.664334E+03  3.934E-03  1.090E-10  0.000E+00  0.000E+00  2.157E-02
       95900  1.664728E+03  3.934E-03  1.090E-10  0.000E+00  0.000E+00  2.158E-02
       96000  1.665121E+03  3.934E-03  1.090E-10  0.000E+00  0.000E+00  2.158E-02
       96100  1.665514E+03  3.934E-03  1.090E-10  0.000E+00  0.000E+00  2.158E-02
       96200  1.665908E+03  3.934E-03  1.090E-10  0.000E+00  0.000E+00  2.158E-02
       96300  1.666301E+03  3.934E-03  1.090E-10  0.000E+00  0.000E+00  2.158E-02
       96400  1.666695E+03  3.934E-03  1.090E-10  0.000E+00  0.000E+00  2.158E-02
       96500  1.667088E+03  3.934E-03  1.090E-10  0.000E+00  0.000E+00  2.158E-02
       96600  1.667481E+03  3.934E-03  1.090E-10  0.000E+00  0.000E+00  2.159E-02
       96700  1.667875E+03  3.934E-03  1.090E-10  0.000E+00  0.000E+00  2.159E-02
       96800  1.668268E+03  3.934E-03  1.090E-10  0.000E+00  0.000E+00  2.159E-02
       96900  1.668661E+03  3.934E-03  1.090E-10  0.000E+00  0.000E+00  2.159E-02
       97000  1.669055E+03  3.934E-03  1.090E-10  0.000E+00  0.000E+00  2.159E-02
       97100  1.669448E+03  3.934E-03  1.090E-10  0.000E+00  0.000E+00  2.159E-02
       97200  1.669842E+03  3.934E-03  1.090E-10  0.000E+00  0.000E+00  2.159E-02
       97300  1.670235E+03  3.934E-03  1.090E-10  0.000E+00  0.000E+00  2.160E-02
       97400  1.670628E+03  3.934E-03  1.090E-10  0.000E+00  0.000E+00  2.160E-02
       97500  1.671022E+03  3.934E-03  1.090E-10  0.000E+00  0.000E+00  2.160E-02
       97600  1.671415E+03  3.934E-03  1.090E-10  0.000E+00  0.000E+00  2.160E-02
       97700  1.671808E+03  3.934E-03  1.090E-10  0.000E+00  0.000E+00  2.160E-02
       97800  1.672202E+03  3.934E-03  1.090E-10  0.000E+00  0.000E+00  2.160E-02
       97900  1.672595E+03  3.934E-03  1.090E-10  0.000E+00  0.000E+00  2.161E-02
       98000  1.672989E+03  3.934E-03  1.090E-10  0.000E+00  0.000E+00  2.161E-02
       98100  1.673382E+03  3.934E-03  1.090E-10  0.000E+00  0.000E+00  2.161E-02
       98200  1.673775E+03  3.934E-03  1.090E-10  0.000E+00  0.000E+00  2.161E-02
       98300  1.674169E+03  3.934E-03  1.090E-10  0.000E+00  0.000E+00  2.161E-02
       98400  1.674562E+03  3.934E-03  1.090E-10  0.000E+00  0.000E+00  2.161E-02
       98500  1.674955E+03  3.934E-03  1.090E-10  0.000E+00  0.000E+00  2.161E-02
       98600  1.675349E+03  3.934E-03  1.090E-10  0.000E+00  0.000E+00  2.162E-02
       98700  1.675742E+03  3.934E-03  1.090E-10  0.000E+00  0.000E+00  2.162E-02
       98800  1.676136E+03  3.934E-03  1.090E-10  0.000E+00  0.000E+00  2.162E-02
       98900  1.676529E+03  3.934E-03  1.090E-10  0.000E+00  0.000E+00  2.162E-02
       99000  1.676922E+03  3.934E-03  1.090E-10  0.000E+00  0.000E+00  2.162E-02
       99100  1.677316E+03  3.934E-03  1.090E-10  0.000E+00  0.000E+00  2.162E-02
       99200  1.677709E+03  3.934E-03  1.090E-10  0.000E+00  0.000E+00  2.162E-02
       99300  1.678102E+03  3.934E-03  1.090E-10  0.000E+00  0.000E+00  2.163E-02
       99400  1.678496E+03  3.934E-03  1.090E-10  0.000E+00  0.000E+00  2.163E-02
       99500  1.678889E+03  3.934E-03  1.090E-10  0.000E+00  0.000E+00  2.163E-02
       99600  1.679283E+03  3.934E-03  1.090E-10  0.000E+00  0.000E+00  2.163E-02
       99700  1.679676E+03  3.934E-03  1.090E-10  0.000E+00  0.000E+00  2.163E-02
       99783  1.680000E+03  1.553E-03  1.090E-10  0.000E+00  0.000E+00  2.163E-02
