AH 63-K-127/24
     1.000998    0.002197
     0.999420    0.003241
     0.996731    0.003977
     0.993547    0.004726
     0.989897    0.005633
     0.985731    0.006611
     0.981080    0.007681
     0.976137    0.008808
     0.971030    0.009931
     0.965798    0.011029
     0.960451    0.012101
     0.954992    0.013161
     0.949435    0.014218
     0.943817    0.015282
     0.938178    0.016353
     0.932539    0.017432
     0.926908    0.018521
     0.921279    0.019624
     0.915647    0.020740
     0.910006    0.021871
     0.904351    0.023009
     0.898706    0.024141
     0.893071    0.025261
     0.887445    0.026368
     0.881824    0.027460
     0.876214    0.028539
     0.870635    0.029600
     0.865094    0.030632
     0.859584    0.031631
     0.854096    0.032590
     0.848592    0.033510
     0.843038    0.034406
     0.837444    0.035292
     0.831842    0.036171
     0.826275    0.037054
     0.820781    0.037946
     0.815373    0.038859
     0.810050    0.039805
     0.804803    0.040796
     0.799602    0.041847
     0.794421    0.042961
     0.789245    0.044140
     0.784068    0.045381
     0.778885    0.046684
     0.773690    0.048048
     0.768475    0.049473
     0.763235    0.050954
     0.757973    0.052488
     0.752676    0.054074
     0.747342    0.055706
     0.741958    0.057383
     0.736536    0.059083
     0.731117    0.060784
     0.725731    0.062460
     0.720392    0.064095
     0.715082    0.065683
     0.709788    0.067227
     0.704510    0.068725
     0.699237    0.070176
     0.693970    0.071580
     0.688697    0.072934
     0.683406    0.074244
     0.678091    0.075512
     0.672751    0.076743
     0.667386    0.077938
     0.661997    0.079099
     0.656593    0.080227
     0.651178    0.081321
     0.645756    0.082379
     0.640327    0.083402
     0.634894    0.084388
     0.629451    0.085337
     0.623997    0.086251
     0.618528    0.087130
     0.613040    0.087976
     0.607534    0.088794
     0.602014    0.089581
     0.596476    0.090341
     0.590927    0.091074
     0.585369    0.091781
     0.579801    0.092462
     0.574226    0.093116
     0.568643    0.093746
     0.563054    0.094351
     0.557460    0.094930
     0.551861    0.095486
     0.546257    0.096017
     0.540652    0.096523
     0.535043    0.097005
     0.529432    0.097463
     0.523815    0.097896
     0.518196    0.098306
     0.512575    0.098691
     0.506950    0.099053
     0.501323    0.099392
     0.495693    0.099707
     0.490062    0.099998
     0.484426    0.100266
     0.478790    0.100512
     0.473154    0.100734
     0.467513    0.100933
     0.461871    0.101110
     0.456232    0.101264
     0.450592    0.101395
     0.444951    0.101502
     0.439311    0.101586
     0.433672    0.101648
     0.428037    0.101686
     0.422404    0.101700
     0.416776    0.101689
     0.411149    0.101654
     0.405530    0.101594
     0.399912    0.101507
     0.394297    0.101395
     0.388687    0.101256
     0.383079    0.101090
     0.377472    0.100898
     0.371871    0.100679
     0.366271    0.100432
     0.360672    0.100158
     0.355078    0.099856
     0.349486    0.099527
     0.343894    0.099170
     0.338304    0.098785
     0.332719    0.098373
     0.327134    0.097933
     0.321551    0.097465
     0.315968    0.096969
     0.310387    0.096446
     0.304810    0.095896
     0.299234    0.095318
     0.293655    0.094713
     0.288080    0.094081
     0.282506    0.093423
     0.276935    0.092739
     0.271368    0.092028
     0.265804    0.091292
     0.260250    0.090530
     0.254703    0.089741
     0.249161    0.088925
     0.243624    0.088081
     0.238094    0.087210
     0.232568    0.086311
     0.227046    0.085383
     0.221527    0.084427
     0.216011    0.083444
     0.210498    0.082433
     0.204986    0.081395
     0.199476    0.080330
     0.193971    0.079240
     0.188475    0.078124
     0.182984    0.076982
     0.177504    0.075815
     0.172036    0.074622
     0.166577    0.073401
     0.161126    0.072151
     0.155680    0.070874
     0.150241    0.069569
     0.144813    0.068237
     0.139398    0.066879
     0.134000    0.065495
     0.128620    0.064082
     0.123259    0.062641
     0.117916    0.061168
     0.112590    0.059664
     0.107285    0.058130
     0.102006    0.056565
     0.096755    0.054968
     0.091540    0.053342
     0.086370    0.051683
     0.081252    0.049993
     0.076197    0.048270
     0.071213    0.046510
     0.066304    0.044710
     0.061477    0.042866
     0.056733    0.040973
     0.052079    0.039031
     0.047525    0.037039
     0.043083    0.034999
     0.038772    0.032919
     0.034620    0.030808
     0.030657    0.028681
     0.026920    0.026561
     0.023452    0.024475
     0.020286    0.022450
     0.017442    0.020509
     0.014925    0.018673
     0.012721    0.016954
     0.010806    0.015360
     0.009149    0.013888
     0.007720    0.012533
     0.006485    0.011282
     0.005417    0.010125
     0.004491    0.009049
     0.003686    0.008046
     0.002987    0.007105
     0.002380    0.006219
     0.001855    0.005379
     0.001402    0.004581
     0.001012    0.003822
     0.000681    0.003097
     0.000411    0.002399
     0.000206    0.001724
     0.000069    0.001070
     0.000004    0.000440
     0.000009   -0.000176
     0.000089   -0.000802
     0.000246   -0.001435
     0.000483   -0.002070
     0.000806   -0.002698
     0.001224   -0.003307
     0.001744   -0.003885
     0.002363   -0.004429
     0.003078   -0.004944
     0.003889   -0.005438
     0.004796   -0.005929
     0.005807   -0.006427
     0.006940   -0.006932
     0.008218   -0.007448
     0.009666   -0.007983
     0.011318   -0.008546
     0.013216   -0.009145
     0.015408   -0.009785
     0.017949   -0.010472
     0.020892   -0.011210
     0.024266   -0.011993
     0.028070   -0.012803
     0.032263   -0.013620
     0.036782   -0.014423
     0.041557   -0.015198
     0.046528   -0.015933
     0.051645   -0.016625
     0.056876   -0.017272
     0.062198   -0.017878
     0.067593   -0.018444
     0.073050   -0.018976
     0.078553   -0.019478
     0.084093   -0.019950
     0.089664   -0.020396
     0.095255   -0.020816
     0.100866   -0.021213
     0.106490   -0.021587
     0.112128   -0.021939
     0.117776   -0.022270
     0.123435   -0.022581
     0.129102   -0.022874
     0.134777   -0.023148
     0.140455   -0.023405
     0.146141   -0.023643
     0.151833   -0.023865
     0.157534   -0.024070
     0.163246   -0.024261
     0.168963   -0.024438
     0.174689   -0.024602
     0.180423   -0.024754
     0.186163   -0.024895
     0.191909   -0.025025
     0.197659   -0.025145
     0.203418   -0.025255
     0.209188   -0.025357
     0.214963   -0.025452
     0.220749   -0.025541
     0.226540   -0.025626
     0.232332   -0.025705
     0.238131   -0.025780
     0.243928   -0.025853
     0.249730   -0.025922
     0.255532   -0.025988
     0.261338   -0.026051
     0.267146   -0.026112
     0.272962   -0.026171
     0.278780   -0.026230
     0.284595   -0.026287
     0.290411   -0.026342
     0.296225   -0.026397
     0.302041   -0.026450
     0.307858   -0.026502
     0.313673   -0.026553
     0.319481   -0.026601
     0.325287   -0.026647
     0.331086   -0.026689
     0.336883   -0.026727
     0.342675   -0.026760
     0.348462   -0.026788
     0.354245   -0.026810
     0.360021   -0.026826
     0.365798   -0.026833
     0.371569   -0.026835
     0.377337   -0.026828
     0.383107   -0.026812
     0.388874   -0.026789
     0.394643   -0.026757
     0.400410   -0.026718
     0.406180   -0.026670
     0.411952   -0.026614
     0.417732   -0.026551
     0.423515   -0.026482
     0.429300   -0.026407
     0.435090   -0.026326
     0.440882   -0.026241
     0.446677   -0.026151
     0.452470   -0.026056
     0.458265   -0.025957
     0.464058   -0.025854
     0.469850   -0.025746
     0.475643   -0.025633
     0.481430   -0.025515
     0.487217   -0.025392
     0.492999   -0.025263
     0.498778   -0.025128
     0.504556   -0.024986
     0.510331   -0.024838
     0.516104   -0.024683
     0.521876   -0.024520
     0.527651   -0.024350
     0.533421   -0.024173
     0.539198   -0.023987
     0.544980   -0.023795
     0.550767   -0.023597
     0.556561   -0.023395
     0.562359   -0.023189
     0.568159   -0.022980
     0.573955   -0.022768
     0.579748   -0.022552
     0.585532   -0.022333
     0.591307   -0.022107
     0.597079   -0.021874
     0.602842   -0.021635
     0.608601   -0.021386
     0.614358   -0.021130
     0.620110   -0.020865
     0.625858   -0.020590
     0.631600   -0.020307
     0.637336   -0.020013
     0.643063   -0.019709
     0.648781   -0.019392
     0.654494   -0.019061
     0.660201   -0.018717
     0.665904   -0.018358
     0.671612   -0.017983
     0.677322   -0.017594
     0.683036   -0.017192
     0.688758   -0.016776
     0.694489   -0.016348
     0.700230   -0.015909
     0.705977   -0.015461
     0.711735   -0.015005
     0.717502   -0.014541
     0.723274   -0.014074
     0.729045   -0.013601
     0.734814   -0.013126
     0.740573   -0.012644
     0.746332   -0.012155
     0.752087   -0.011659
     0.757843   -0.011156
     0.763602   -0.010645
     0.769363   -0.010128
     0.775131   -0.009605
     0.780902   -0.009077
     0.786673   -0.008545
     0.792446   -0.008008
     0.798219   -0.007466
     0.803995   -0.006921
     0.809770   -0.006371
     0.815552   -0.005819
     0.821327   -0.005268
     0.827087   -0.004721
     0.832825   -0.004182
     0.838531   -0.003655
     0.844208   -0.003145
     0.849855   -0.002655
     0.855473   -0.002191
     0.861071   -0.001756
     0.866650   -0.001349
     0.872214   -0.000975
     0.877768   -0.000633
     0.883313   -0.000325
     0.888853   -0.000053
     0.894389    0.000185
     0.899926    0.000386
     0.905469    0.000553
     0.911013    0.000686
     0.916561    0.000785
     0.922109    0.000851
     0.927650    0.000885
     0.933177    0.000888
     0.938668    0.000856
     0.944117    0.000781
     0.949539    0.000652
     0.954972    0.000470
     0.960422    0.000246
     0.965852   -0.000008
     0.971194   -0.000287
     0.976386   -0.000588
     0.981298   -0.000877
     0.985794   -0.001129
     0.989836   -0.001431
     0.993481   -0.001782
     0.996867   -0.002015
     0.999002   -0.002197
