NACA 0008
     1.000000    0.002500
     0.997804    0.002698
     0.994048    0.003036
     0.989743    0.003421
     0.984964    0.003848
     0.979836    0.004302
     0.974478    0.004774
     0.968987    0.005255
     0.963423    0.005739
     0.957821    0.006224
     0.952198    0.006707
     0.946563    0.007188
     0.940923    0.007667
     0.935282    0.008142
     0.929636    0.008615
     0.923990    0.009085
     0.918343    0.009552
     0.912697    0.010016
     0.907050    0.010476
     0.901402    0.010934
     0.895755    0.011389
     0.890106    0.011841
     0.884458    0.012289
     0.878807    0.012735
     0.873159    0.013178
     0.867510    0.013618
     0.861860    0.014055
     0.856209    0.014489
     0.850556    0.014921
     0.844907    0.015349
     0.839256    0.015774
     0.833603    0.016197
     0.827952    0.016617
     0.822297    0.017034
     0.816645    0.017449
     0.810992    0.017860
     0.805339    0.018269
     0.799684    0.018675
     0.794030    0.019079
     0.788376    0.019479
     0.782723    0.019877
     0.777068    0.020272
     0.771414    0.020664
     0.765757    0.021054
     0.760101    0.021441
     0.754448    0.021825
     0.748792    0.022206
     0.743135    0.022585
     0.737481    0.022962
     0.731825    0.023334
     0.726167    0.023704
     0.720512    0.024072
     0.714856    0.024437
     0.709200    0.024799
     0.703544    0.025158
     0.697889    0.025514
     0.692233    0.025867
     0.686575    0.026218
     0.680918    0.026565
     0.675262    0.026910
     0.669607    0.027252
     0.663951    0.027590
     0.658295    0.027926
     0.652641    0.028258
     0.646984    0.028587
     0.641329    0.028913
     0.635676    0.029236
     0.630022    0.029555
     0.624366    0.029870
     0.618710    0.030183
     0.613057    0.030493
     0.607403    0.030798
     0.601747    0.031100
     0.596094    0.031399
     0.590441    0.031694
     0.584787    0.031985
     0.579134    0.032272
     0.573479    0.032557
     0.567827    0.032837
     0.562175    0.033113
     0.556522    0.033385
     0.550870    0.033654
     0.545216    0.033918
     0.539565    0.034179
     0.533915    0.034435
     0.528262    0.034687
     0.522610    0.034935
     0.516959    0.035179
     0.511309    0.035418
     0.505658    0.035653
     0.500007    0.035884
     0.494357    0.036111
     0.488707    0.036332
     0.483058    0.036550
     0.477412    0.036763
     0.471764    0.036970
     0.466118    0.037173
     0.460474    0.037370
     0.454829    0.037562
     0.449182    0.037749
     0.443539    0.037931
     0.437898    0.038107
     0.432256    0.038276
     0.426614    0.038441
     0.420974    0.038599
     0.415335    0.038752
     0.409695    0.038898
     0.404057    0.039038
     0.398419    0.039172
     0.392785    0.039299
     0.387148    0.039420
     0.381516    0.039534
     0.375884    0.039640
     0.370251    0.039739
     0.364619    0.039832
     0.358991    0.039917
     0.353363    0.039994
     0.347735    0.040064
     0.342108    0.040126
     0.336484    0.040180
     0.330861    0.040225
     0.325239    0.040262
     0.319617    0.040290
     0.313997    0.040310
     0.308377    0.040322
     0.302760    0.040325
     0.297146    0.040318
     0.291533    0.040302
     0.285921    0.040276
     0.280314    0.040241
     0.274708    0.040194
     0.269102    0.040138
     0.263503    0.040071
     0.257905    0.039992
     0.252310    0.039903
     0.246719    0.039801
     0.241128    0.039687
     0.235542    0.039561
     0.229960    0.039422
     0.224378    0.039270
     0.218799    0.039105
     0.213226    0.038926
     0.207656    0.038733
     0.202088    0.038526
     0.196527    0.038305
     0.190970    0.038068
     0.185419    0.037815
     0.179874    0.037546
     0.174335    0.037261
     0.168804    0.036957
     0.163280    0.036635
     0.157761    0.036295
     0.152253    0.035935
     0.146753    0.035554
     0.141263    0.035152
     0.135783    0.034729
     0.130318    0.034283
     0.124866    0.033811
     0.119423    0.033314
     0.113997    0.032790
     0.108583    0.032239
     0.103186    0.031659
     0.097805    0.031049
     0.092447    0.030408
     0.087112    0.029735
     0.081805    0.029030
     0.076538    0.028291
     0.071324    0.027518
     0.066176    0.026707
     0.061107    0.025852
     0.056120    0.024947
     0.051221    0.023986
     0.046413    0.022966
     0.041715    0.021895
     0.037170    0.020786
     0.032842    0.019665
     0.028814    0.018558
     0.025150    0.017497
     0.021908    0.016497
     0.019075    0.015524
     0.016591    0.014552
     0.014404    0.013582
     0.012474    0.012627
     0.010769    0.011701
     0.009260    0.010811
     0.007925    0.009958
     0.006742    0.009139
     0.005692    0.008354
     0.004760    0.007598
     0.003932    0.006866
     0.003197    0.006156
     0.002549    0.005463
     0.001979    0.004784
     0.001484    0.004117
     0.001062    0.003458
     0.000710    0.002808
     0.000428    0.002165
     0.000216    0.001530
     0.000077    0.000906
     0.000009    0.000297
     0.000009   -0.000302
     0.000078   -0.000911
     0.000218   -0.001535
     0.000430   -0.002170
     0.000712   -0.002813
     0.001065   -0.003464
     0.001488   -0.004122
     0.001984   -0.004789
     0.002554   -0.005469
     0.003203   -0.006162
     0.003938   -0.006872
     0.004767   -0.007604
     0.005700   -0.008361
     0.006751   -0.009146
     0.007935   -0.009964
     0.009272   -0.010818
     0.010782   -0.011709
     0.012489   -0.012635
     0.014421   -0.013590
     0.016610   -0.014561
     0.019096   -0.015532
     0.021932   -0.016505
     0.025179   -0.017505
     0.028845   -0.018567
     0.032876   -0.019674
     0.037206   -0.020795
     0.041753   -0.021904
     0.046453   -0.022975
     0.051261   -0.023994
     0.056161   -0.024955
     0.061149   -0.025860
     0.066219   -0.026715
     0.071365   -0.027524
     0.076581   -0.028297
     0.081849   -0.029036
     0.087156   -0.029741
     0.092491   -0.030414
     0.097850   -0.031054
     0.103231   -0.031663
     0.108628   -0.032243
     0.114042   -0.032795
     0.119468   -0.033318
     0.124910   -0.033815
     0.130363   -0.034286
     0.135829   -0.034732
     0.141308   -0.035156
     0.146799   -0.035557
     0.152299   -0.035938
     0.157806   -0.036298
     0.163325   -0.036638
     0.168850   -0.036960
     0.174381   -0.037263
     0.179919   -0.037549
     0.185465   -0.037817
     0.191016   -0.038070
     0.196573   -0.038307
     0.202134   -0.038528
     0.207702   -0.038735
     0.213272   -0.038928
     0.218845   -0.039106
     0.224424   -0.039271
     0.230006   -0.039423
     0.235588   -0.039562
     0.241174   -0.039688
     0.246765   -0.039802
     0.252356   -0.039903
     0.257951   -0.039993
     0.263550   -0.040072
     0.269148   -0.040138
     0.274754   -0.040194
     0.280360   -0.040241
     0.285967   -0.040276
     0.291579   -0.040302
     0.297192   -0.040318
     0.302806   -0.040325
     0.308423   -0.040322
     0.314043   -0.040310
     0.319664   -0.040290
     0.325285   -0.040262
     0.330907   -0.040225
     0.336530   -0.040179
     0.342154   -0.040125
     0.347781   -0.040063
     0.353409   -0.039993
     0.359037   -0.039916
     0.364665   -0.039831
     0.370297   -0.039738
     0.375930   -0.039639
     0.381562   -0.039533
     0.387194   -0.039419
     0.392831   -0.039298
     0.398465   -0.039171
     0.404103   -0.039037
     0.409741   -0.038897
     0.415381   -0.038750
     0.421020   -0.038598
     0.426661   -0.038439
     0.432302   -0.038275
     0.437944   -0.038105
     0.443585   -0.037929
     0.449229   -0.037747
     0.454875   -0.037560
     0.460520   -0.037369
     0.466164   -0.037171
     0.471810   -0.036969
     0.477458   -0.036761
     0.483105   -0.036549
     0.488753   -0.036331
     0.494404   -0.036109
     0.500053   -0.035882
     0.505704   -0.035651
     0.511355   -0.035416
     0.517005   -0.035177
     0.522656   -0.034933
     0.528309   -0.034685
     0.533961   -0.034433
     0.539611   -0.034177
     0.545263   -0.033916
     0.550917   -0.033651
     0.556568   -0.033383
     0.562221   -0.033111
     0.567873   -0.032835
     0.573525   -0.032554
     0.579180   -0.032270
     0.584834   -0.031983
     0.590487   -0.031691
     0.596140   -0.031396
     0.601794   -0.031098
     0.607449   -0.030795
     0.613103   -0.030490
     0.618757   -0.030181
     0.624412   -0.029868
     0.630068   -0.029552
     0.635722   -0.029233
     0.641375   -0.028911
     0.647031   -0.028584
     0.652687   -0.028255
     0.658341   -0.027923
     0.663997   -0.027587
     0.669653   -0.027249
     0.675309   -0.026907
     0.680964   -0.026562
     0.686622   -0.026215
     0.692279   -0.025864
     0.697935   -0.025511
     0.703589   -0.025155
     0.709246   -0.024795
     0.714904   -0.024434
     0.720558   -0.024070
     0.726214   -0.023701
     0.731871   -0.023331
     0.737527   -0.022958
     0.743181   -0.022582
     0.748839   -0.022203
     0.754494   -0.021822
     0.760148   -0.021438
     0.765803   -0.021051
     0.771460   -0.020661
     0.777114   -0.020269
     0.782769   -0.019874
     0.788422   -0.019476
     0.794076   -0.019075
     0.799730   -0.018672
     0.805385   -0.018266
     0.811038   -0.017857
     0.816691   -0.017445
     0.822342   -0.017031
     0.827996   -0.016613
     0.833648   -0.016194
     0.839300   -0.015771
     0.844951   -0.015346
     0.850600   -0.014917
     0.856252   -0.014486
     0.861902   -0.014052
     0.867553   -0.013615
     0.873202   -0.013175
     0.878850   -0.012732
     0.884501   -0.012286
     0.890148   -0.011837
     0.895798   -0.011385
     0.901445   -0.010931
     0.907093   -0.010473
     0.912740   -0.010012
     0.918386   -0.009549
     0.924033   -0.009082
     0.929678   -0.008612
     0.935324   -0.008139
     0.940966   -0.007664
     0.946605   -0.007185
     0.952240   -0.006703
     0.957862   -0.006221
     0.963463   -0.005736
     0.969025   -0.005251
     0.974511   -0.004771
     0.979860   -0.004300
     0.984980   -0.003846
     0.989750   -0.003421
     0.994050   -0.003036
     0.997804   -0.002698
     1.000000   -0.002500
