#  1  time step                
#  0  Newton iteration         
#  1  CPU time                 
#  1  overall residual drop    
#  1  total beta drop          
#  1  change in total beta drop
#  1  alpha residual drop      
#  1  momentum residual drop   
#  1  drop diameter residual   
#  1  droplet mass deficit %   
          1          1 0.5628E+00 0.2891E-07 0.5318E-02 0.3118E-04 0.3255E-07 0.3699E-07 0.5674E-31 0.2507E+00
          2          2 0.1036E+01 0.1198E-07 0.4992E-02 0.8559E-04 0.6120E-08 0.1584E-07 0.9778E-31 0.2923E+00
          3          3 0.1495E+01 0.6523E-08 0.4600E-02 0.1509E-03 0.4804E-08 0.8549E-08 0.1288E-30 0.2879E+00
          4          4 0.1986E+01 0.4008E-08 0.4206E-02 0.2166E-03 0.4488E-08 0.5131E-08 0.1417E-30 0.2702E+00
          5          5 0.2458E+01 0.2799E-08 0.3846E-02 0.2766E-03 0.4477E-08 0.3421E-08 0.1492E-30 0.2496E+00
          6          6 0.2928E+01 0.2204E-08 0.3537E-02 0.3281E-03 0.4528E-08 0.2522E-08 0.1508E-30 0.2307E+00
          7          7 0.3407E+01 0.1928E-08 0.3284E-02 0.3389E-03 0.4713E-08 0.2034E-08 0.1538E-30 0.2149E+00
          8          8 0.3878E+01 0.1822E-08 0.3088E-02 0.3172E-03 0.4992E-08 0.1771E-08 0.1535E-30 0.2028E+00
          9          9 0.4363E+01 0.1817E-08 0.2943E-02 0.2761E-03 0.5325E-08 0.1649E-08 0.1533E-30 0.1939E+00
         10         10 0.4826E+01 0.1875E-08 0.2839E-02 0.2277E-03 0.5680E-08 0.1633E-08 0.1555E-30 0.1878E+00
         11         11 0.5279E+01 0.1971E-08 0.2769E-02 0.1795E-03 0.6021E-08 0.1697E-08 0.1554E-30 0.1840E+00
         12         12 0.5743E+01 0.2083E-08 0.2724E-02 0.1355E-03 0.6320E-08 0.1809E-08 0.1573E-30 0.1818E+00
         13         13 0.6229E+01 0.2186E-08 0.2700E-02 0.9734E-04 0.6561E-08 0.1926E-08 0.1582E-30 0.1809E+00
         14         14 0.6686E+01 0.2265E-08 0.2695E-02 0.6555E-04 0.6736E-08 0.2020E-08 0.1570E-30 0.1814E+00
         15         15 0.7151E+01 0.2321E-08 0.2700E-02 0.4054E-04 0.6847E-08 0.2090E-08 0.1592E-30 0.1828E+00
         16         16 0.7607E+01 0.2358E-08 0.2710E-02 0.2160E-04 0.6910E-08 0.2140E-08 0.1595E-30 0.1847E+00
         17         17 0.8067E+01 0.2378E-08 0.2723E-02 0.7587E-05 0.6940E-08 0.2168E-08 0.1591E-30 0.1868E+00
         18         18 0.8565E+01 0.2381E-08 0.2738E-02 0.2385E-05 0.6948E-08 0.2170E-08 0.1555E-30 0.1891E+00
         19         19 0.9021E+01 0.2369E-08 0.2753E-02 0.8743E-05 0.6941E-08 0.2151E-08 0.1583E-30 0.1915E+00
         20         20 0.9480E+01 0.2345E-08 0.2768E-02 0.1208E-04 0.6918E-08 0.2112E-08 0.1586E-30 0.1938E+00
         21         21 0.9939E+01 0.2312E-08 0.2782E-02 0.1363E-04 0.6880E-08 0.2061E-08 0.1554E-30 0.1959E+00
         22         22 0.1041E+02 0.2275E-08 0.2794E-02 0.1411E-04 0.6836E-08 0.2003E-08 0.1552E-30 0.1980E+00
         23         23 0.1088E+02 0.2237E-08 0.2806E-02 0.1386E-04 0.6791E-08 0.1942E-08 0.1551E-30 0.1998E+00
         24         24 0.1138E+02 0.2200E-08 0.2817E-02 0.1315E-04 0.6751E-08 0.1882E-08 0.1575E-30 0.2014E+00
         25         25 0.1183E+02 0.2167E-08 0.2826E-02 0.1220E-04 0.6720E-08 0.1825E-08 0.1532E-30 0.2027E+00
         26         26 0.1230E+02 0.2138E-08 0.2834E-02 0.1111E-04 0.6702E-08 0.1771E-08 0.1548E-30 0.2037E+00
         27         27 0.1279E+02 0.2112E-08 0.2841E-02 0.9982E-05 0.6701E-08 0.1716E-08 0.1528E-30 0.2044E+00
         28         28 0.1324E+02 0.2091E-08 0.2848E-02 0.8865E-05 0.6719E-08 0.1660E-08 0.1551E-30 0.2048E+00
         29         29 0.1371E+02 0.2073E-08 0.2853E-02 0.7786E-05 0.6759E-08 0.1602E-08 0.1548E-30 0.2048E+00
         30         30 0.1417E+02 0.2061E-08 0.2857E-02 0.6767E-05 0.6825E-08 0.1543E-08 0.1535E-30 0.2045E+00
         31         31 0.1484E+02 0.2057E-08 0.2861E-02 0.5822E-05 0.6920E-08 0.1483E-08 0.1547E-30 0.2038E+00
         32         32 0.1530E+02 0.2059E-08 0.2864E-02 0.4965E-05 0.7046E-08 0.1422E-08 0.1512E-30 0.2028E+00
         33         33 0.1576E+02 0.2068E-08 0.2867E-02 0.4200E-05 0.7202E-08 0.1358E-08 0.1527E-30 0.2015E+00
         34         34 0.1623E+02 0.2082E-08 0.2869E-02 0.3530E-05 0.7381E-08 0.1287E-08 0.1534E-30 0.1999E+00
         35         35 0.1669E+02 0.2100E-08 0.2871E-02 0.2959E-05 0.7577E-08 0.1210E-08 0.1516E-30 0.1980E+00
         36         36 0.1718E+02 0.2123E-08 0.2872E-02 0.2480E-05 0.7786E-08 0.1129E-08 0.1536E-30 0.1958E+00
         37         37 0.1764E+02 0.2149E-08 0.2874E-02 0.2085E-05 0.8000E-08 0.1049E-08 0.1528E-30 0.1934E+00
         38         38 0.1810E+02 0.2179E-08 0.2875E-02 0.1764E-05 0.8212E-08 0.9745E-09 0.1508E-30 0.1907E+00
         39         39 0.1856E+02 0.2211E-08 0.2876E-02 0.1505E-05 0.8416E-08 0.9066E-09 0.1520E-30 0.1879E+00
         40         40 0.1904E+02 0.2244E-08 0.2877E-02 0.1299E-05 0.8608E-08 0.8462E-09 0.1517E-30 0.1849E+00
         41         41 0.1950E+02 0.2275E-08 0.2877E-02 0.1133E-05 0.8785E-08 0.7920E-09 0.1511E-30 0.1817E+00
         42         42 0.1997E+02 0.2306E-08 0.2878E-02 0.1002E-05 0.8950E-08 0.7430E-09 0.1524E-30 0.1784E+00
         43         43 0.2042E+02 0.2336E-08 0.2879E-02 0.9002E-06 0.9105E-08 0.6992E-09 0.1548E-30 0.1750E+00
         44         44 0.2089E+02 0.2365E-08 0.2880E-02 0.8196E-06 0.9249E-08 0.6598E-09 0.1541E-30 0.1714E+00
         45         45 0.2148E+02 0.2390E-08 0.2880E-02 0.7595E-06 0.9374E-08 0.6233E-09 0.1549E-30 0.1677E+00
         46         46 0.2201E+02 0.2408E-08 0.2881E-02 0.7156E-06 0.9470E-08 0.5882E-09 0.1528E-30 0.1640E+00
         47         47 0.2253E+02 0.2417E-08 0.2882E-02 0.6841E-06 0.9524E-08 0.5538E-09 0.1563E-30 0.1602E+00
         48         48 0.2304E+02 0.2414E-08 0.2882E-02 0.6612E-06 0.9530E-08 0.5205E-09 0.1544E-30 0.1562E+00
         49         49 0.2356E+02 0.2399E-08 0.2883E-02 0.6425E-06 0.9484E-08 0.4892E-09 0.1537E-30 0.1522E+00
         50         50 0.2420E+02 0.2372E-08 0.2883E-02 0.6259E-06 0.9389E-08 0.4604E-09 0.1535E-30 0.1481E+00
         51         51 0.2471E+02 0.2335E-08 0.2884E-02 0.6102E-06 0.9249E-08 0.4356E-09 0.1539E-30 0.1439E+00
         52         52 0.2532E+02 0.2289E-08 0.2884E-02 0.5937E-06 0.9071E-08 0.4136E-09 0.1543E-30 0.1396E+00
         53         53 0.2582E+02 0.2235E-08 0.2885E-02 0.5759E-06 0.8861E-08 0.3944E-09 0.1551E-30 0.1353E+00
         54         54 0.2628E+02 0.2176E-08 0.2886E-02 0.5568E-06 0.8628E-08 0.3774E-09 0.1535E-30 0.1308E+00
         55         55 0.2675E+02 0.2112E-08 0.2886E-02 0.5368E-06 0.8379E-08 0.3626E-09 0.1528E-30 0.1262E+00
         56         56 0.2722E+02 0.2047E-08 0.2886E-02 0.5167E-06 0.8120E-08 0.3493E-09 0.1566E-30 0.1216E+00
         57         57 0.2772E+02 0.1980E-08 0.2887E-02 0.4964E-06 0.7856E-08 0.3370E-09 0.1549E-30 0.1168E+00
         58         58 0.2819E+02 0.1913E-08 0.2887E-02 0.4768E-06 0.7591E-08 0.3254E-09 0.1540E-30 0.1120E+00
         59         59 0.2881E+02 0.1847E-08 0.2888E-02 0.4581E-06 0.7327E-08 0.3143E-09 0.1545E-30 0.1070E+00
         60         60 0.2928E+02 0.1781E-08 0.2888E-02 0.4402E-06 0.7066E-08 0.3035E-09 0.1549E-30 0.1020E+00
         61         61 0.2975E+02 0.1716E-08 0.2889E-02 0.4232E-06 0.6809E-08 0.2929E-09 0.1541E-30 0.9694E-01
         62         62 0.3022E+02 0.1653E-08 0.2889E-02 0.4064E-06 0.6557E-08 0.2825E-09 0.1532E-30 0.9180E-01
         63         63 0.3069E+02 0.1590E-08 0.2889E-02 0.3900E-06 0.6308E-08 0.2722E-09 0.1531E-30 0.8661E-01
         64         64 0.3116E+02 0.1529E-08 0.2890E-02 0.3734E-06 0.6065E-08 0.2627E-09 0.1543E-30 0.8140E-01
         65         65 0.3163E+02 0.1469E-08 0.2890E-02 0.3568E-06 0.5827E-08 0.2539E-09 0.1549E-30 0.7617E-01
         66         66 0.3213E+02 0.1411E-08 0.2890E-02 0.3399E-06 0.5594E-08 0.2451E-09 0.1509E-30 0.7095E-01
         67         67 0.3260E+02 0.1354E-08 0.2890E-02 0.3227E-06 0.5367E-08 0.2367E-09 0.1516E-30 0.6576E-01
         68         68 0.3306E+02 0.1298E-08 0.2891E-02 0.3051E-06 0.5145E-08 0.2285E-09 0.1536E-30 0.6062E-01
         69         69 0.3353E+02 0.1242E-08 0.2891E-02 0.2874E-06 0.4923E-08 0.2202E-09 0.1532E-30 0.5555E-01
         70         70 0.3399E+02 0.1187E-08 0.2891E-02 0.2696E-06 0.4704E-08 0.2122E-09 0.1557E-30 0.5057E-01
         71         71 0.3446E+02 0.1133E-08 0.2891E-02 0.2518E-06 0.4490E-08 0.2077E-09 0.1550E-30 0.4570E-01
         72         72 0.3492E+02 0.1106E-08 0.2892E-02 0.2341E-06 0.4366E-08 0.2423E-09 0.1553E-30 0.4096E-01
         73         73 0.3539E+02 0.1119E-08 0.2892E-02 0.2169E-06 0.4383E-08 0.3020E-09 0.1542E-30 0.3637E-01
         74         74 0.3585E+02 0.1149E-08 0.2892E-02 0.2002E-06 0.4471E-08 0.3537E-09 0.1534E-30 0.3193E-01
         75         75 0.3632E+02 0.1182E-08 0.2892E-02 0.1841E-06 0.4576E-08 0.3951E-09 0.1543E-30 0.2767E-01
         76         76 0.3678E+02 0.1218E-08 0.2892E-02 0.1689E-06 0.4695E-08 0.4328E-09 0.1520E-30 0.2360E-01
         77         77 0.3724E+02 0.1257E-08 0.2892E-02 0.1545E-06 0.4835E-08 0.4612E-09 0.1519E-30 0.1971E-01
         78         78 0.3771E+02 0.1301E-08 0.2892E-02 0.1410E-06 0.4997E-08 0.4841E-09 0.1515E-30 0.1603E-01
         79         79 0.3818E+02 0.1346E-08 0.2893E-02 0.1285E-06 0.5171E-08 0.5000E-09 0.1517E-30 0.1255E-01
         80         80 0.3867E+02 0.1390E-08 0.2893E-02 0.1170E-06 0.5342E-08 0.5111E-09 0.1510E-30 0.9276E-02
         81         81 0.3913E+02 0.1433E-08 0.2893E-02 0.1064E-06 0.5515E-08 0.5207E-09 0.1512E-30 0.6208E-02
         82         82 0.3958E+02 0.1477E-08 0.2893E-02 0.9681E-07 0.5689E-08 0.5310E-09 0.1511E-30 0.3346E-02
         83         83 0.4006E+02 0.1508E-08 0.2893E-02 0.8806E-07 0.5811E-08 0.5371E-09 0.1538E-30 0.6879E-03
         84         84 0.4061E+02 0.1531E-08 0.2893E-02 0.8015E-07 0.5905E-08 0.5402E-09 0.1526E-30 -.1770E-02
         85         85 0.4109E+02 0.1547E-08 0.2893E-02 0.7301E-07 0.5970E-08 0.5407E-09 0.1528E-30 -.4030E-02
         86         86 0.4156E+02 0.1560E-08 0.2893E-02 0.6658E-07 0.6025E-08 0.5399E-09 0.1530E-30 -.6099E-02
         87         87 0.4202E+02 0.1572E-08 0.2893E-02 0.6080E-07 0.6078E-08 0.5375E-09 0.1520E-30 -.7982E-02
         88         88 0.4249E+02 0.1583E-08 0.2893E-02 0.5560E-07 0.6127E-08 0.5344E-09 0.1528E-30 -.9685E-02
         89         89 0.4296E+02 0.1594E-08 0.2893E-02 0.5092E-07 0.6174E-08 0.5308E-09 0.1539E-30 -.1121E-01
         90         90 0.4343E+02 0.1604E-08 0.2893E-02 0.4672E-07 0.6217E-08 0.5269E-09 0.1522E-30 -.1257E-01
         91         91 0.4389E+02 0.1613E-08 0.2893E-02 0.4294E-07 0.6257E-08 0.5232E-09 0.1544E-30 -.1377E-01
         92         92 0.4435E+02 0.1621E-08 0.2893E-02 0.3955E-07 0.6293E-08 0.5197E-09 0.1552E-30 -.1482E-01
         93         93 0.4485E+02 0.1628E-08 0.2893E-02 0.3649E-07 0.6325E-08 0.5161E-09 0.1550E-30 -.1572E-01
         94         94 0.4531E+02 0.1632E-08 0.2893E-02 0.3374E-07 0.6345E-08 0.5110E-09 0.1516E-30 -.1649E-01
         95         95 0.4577E+02 0.1635E-08 0.2893E-02 0.3125E-07 0.6359E-08 0.5071E-09 0.1551E-30 -.1712E-01
         96         96 0.4624E+02 0.1637E-08 0.2893E-02 0.2900E-07 0.6371E-08 0.5043E-09 0.1548E-30 -.1763E-01
         97         97 0.4671E+02 0.1640E-08 0.2893E-02 0.2696E-07 0.6383E-08 0.5021E-09 0.1523E-30 -.1802E-01
         98         98 0.4719E+02 0.1642E-08 0.2893E-02 0.2511E-07 0.6394E-08 0.5003E-09 0.1541E-30 -.1831E-01
         99         99 0.4765E+02 0.1644E-08 0.2893E-02 0.2341E-07 0.6402E-08 0.4986E-09 0.1549E-30 -.1850E-01
        100        100 0.4811E+02 0.1645E-08 0.2893E-02 0.2186E-07 0.6409E-08 0.4970E-09 0.1541E-30 -.1860E-01
        101        101 0.4857E+02 0.1646E-08 0.2893E-02 0.2042E-07 0.6414E-08 0.4956E-09 0.1544E-30 -.1861E-01
        102        102 0.4912E+02 0.1647E-08 0.2893E-02 0.1910E-07 0.6419E-08 0.4944E-09 0.1517E-30 -.1854E-01
        103        103 0.4959E+02 0.1648E-08 0.2894E-02 0.1787E-07 0.6424E-08 0.4934E-09 0.1502E-30 -.1841E-01
        104        104 0.5005E+02 0.1649E-08 0.2894E-02 0.1673E-07 0.6429E-08 0.4923E-09 0.1533E-30 -.1822E-01
        105        105 0.5051E+02 0.1650E-08 0.2894E-02 0.1567E-07 0.6434E-08 0.4911E-09 0.1499E-30 -.1796E-01
        106        106 0.5097E+02 0.1651E-08 0.2894E-02 0.1468E-07 0.6439E-08 0.4900E-09 0.1523E-30 -.1766E-01
        107        107 0.5143E+02 0.1652E-08 0.2894E-02 0.1376E-07 0.6443E-08 0.4888E-09 0.1519E-30 -.1732E-01
        108        108 0.5189E+02 0.1653E-08 0.2894E-02 0.1290E-07 0.6448E-08 0.4875E-09 0.1537E-30 -.1694E-01
        109        109 0.5236E+02 0.1654E-08 0.2894E-02 0.1209E-07 0.6451E-08 0.4864E-09 0.1527E-30 -.1652E-01
        110        110 0.5282E+02 0.1654E-08 0.2894E-02 0.1132E-07 0.6455E-08 0.4853E-09 0.1537E-30 -.1608E-01
        111        111 0.5333E+02 0.1655E-08 0.2894E-02 0.1060E-07 0.6459E-08 0.4842E-09 0.1537E-30 -.1562E-01
        112        112 0.5379E+02 0.1656E-08 0.2894E-02 0.9921E-08 0.6462E-08 0.4832E-09 0.1513E-30 -.1514E-01
        113        113 0.5427E+02 0.1657E-08 0.2894E-02 0.9280E-08 0.6466E-08 0.4823E-09 0.1510E-30 -.1464E-01
        114        114 0.5473E+02 0.1657E-08 0.2894E-02 0.8678E-08 0.6470E-08 0.4814E-09 0.1517E-30 -.1414E-01
        115        115 0.5519E+02 0.1658E-08 0.2894E-02 0.8112E-08 0.6474E-08 0.4806E-09 0.1512E-30 -.1362E-01
        116        116 0.5565E+02 0.1659E-08 0.2894E-02 0.7582E-08 0.6479E-08 0.4798E-09 0.1531E-30 -.1310E-01
        117        117 0.5611E+02 0.1660E-08 0.2894E-02 0.7087E-08 0.6483E-08 0.4791E-09 0.1520E-30 -.1258E-01
        118        118 0.5657E+02 0.1661E-08 0.2894E-02 0.6621E-08 0.6487E-08 0.4785E-09 0.1540E-30 -.1206E-01
        119        119 0.5703E+02 0.1662E-08 0.2894E-02 0.6183E-08 0.6492E-08 0.4779E-09 0.1516E-30 -.1153E-01
        120        120 0.5749E+02 0.1663E-08 0.2894E-02 0.5771E-08 0.6496E-08 0.4773E-09 0.1551E-30 -.1102E-01
