400
    1.000463   0.001020  0.000000
    0.998887   0.002066  0.000000
    0.996199   0.002808  0.000000
    0.993017   0.003564  0.000000
    0.989368   0.004478  0.000000
    0.985203   0.005464  0.000000
    0.980554   0.006544  0.000000
    0.975612   0.007682  0.000000
    0.970508   0.008814  0.000000
    0.965278   0.009922  0.000000
    0.959933   0.011005  0.000000
    0.954475   0.012075  0.000000
    0.948920   0.013144  0.000000
    0.943304   0.014218  0.000000
    0.937667   0.015301  0.000000
    0.932029   0.016391  0.000000
    0.926400   0.017491  0.000000
    0.920772   0.018605  0.000000
    0.915142   0.019731  0.000000
    0.909501   0.020873  0.000000
    0.903849   0.022021  0.000000
    0.898206   0.023164  0.000000
    0.892573   0.024294  0.000000
    0.886949   0.025411  0.000000
    0.881330   0.026513  0.000000
    0.875723   0.027602  0.000000
    0.870147   0.028673  0.000000
    0.864608   0.029715  0.000000
    0.859101   0.030722  0.000000
    0.853614   0.031691  0.000000
    0.848111   0.032620  0.000000
    0.842559   0.033525  0.000000
    0.836966   0.034420  0.000000
    0.831365   0.035309  0.000000
    0.825800   0.036201  0.000000
    0.820308   0.037103  0.000000
    0.814902   0.038026  0.000000
    0.809582   0.038981  0.000000
    0.804337   0.039982  0.000000
    0.799138   0.041043  0.000000
    0.793958   0.042167  0.000000
    0.788784   0.043356  0.000000
    0.783608   0.044606  0.000000
    0.778426   0.045919  0.000000
    0.773233   0.047293  0.000000
    0.768019   0.048728  0.000000
    0.762781   0.050218  0.000000
    0.757519   0.051762  0.000000
    0.752224   0.053357  0.000000
    0.746890   0.054999  0.000000
    0.741507   0.056685  0.000000
    0.736086   0.058394  0.000000
    0.730670   0.060103  0.000000
    0.725289   0.061786  0.000000
    0.719952   0.063428  0.000000
    0.714646   0.065024  0.000000
    0.709354   0.066575  0.000000
    0.704078   0.068079  0.000000
    0.698808   0.069537  0.000000
    0.693543   0.070947  0.000000
    0.688271   0.072308  0.000000
    0.682982   0.073624  0.000000
    0.677668   0.074899  0.000000
    0.672330   0.076137  0.000000
    0.666966   0.077338  0.000000
    0.661578   0.078507  0.000000
    0.656176   0.079641  0.000000
    0.650762   0.080742  0.000000
    0.645341   0.081807  0.000000
    0.639914   0.082836  0.000000
    0.634482   0.083829  0.000000
    0.629041   0.084784  0.000000
    0.623587   0.085704  0.000000
    0.618119   0.086590  0.000000
    0.612632   0.087443  0.000000
    0.607127   0.088266  0.000000
    0.601608   0.089060  0.000000
    0.596070   0.089827  0.000000
    0.590523   0.090567  0.000000
    0.584965   0.091280  0.000000
    0.579398   0.091967  0.000000
    0.573824   0.092628  0.000000
    0.568242   0.093264  0.000000
    0.562653   0.093875  0.000000
    0.557060   0.094460  0.000000
    0.551461   0.095022  0.000000
    0.545859   0.095559  0.000000
    0.540254   0.096072  0.000000
    0.534646   0.096560  0.000000
    0.529036   0.097023  0.000000
    0.523419   0.097462  0.000000
    0.517801   0.097878  0.000000
    0.512180   0.098269  0.000000
    0.506555   0.098637  0.000000
    0.500929   0.098981  0.000000
    0.495300   0.099301  0.000000
    0.489669   0.099598  0.000000
    0.484033   0.099872  0.000000
    0.478397   0.100123  0.000000
    0.472761   0.100351  0.000000
    0.467121   0.100555  0.000000
    0.461479   0.100737  0.000000
    0.455841   0.100897  0.000000
    0.450201   0.101032  0.000000
    0.444561   0.101145  0.000000
    0.438921   0.101234  0.000000
    0.433282   0.101300  0.000000
    0.427647   0.101343  0.000000
    0.422015   0.101362  0.000000
    0.416387   0.101356  0.000000
    0.410760   0.101326  0.000000
    0.405142   0.101270  0.000000
    0.399523   0.101187  0.000000
    0.393909   0.101080  0.000000
    0.388299   0.100945  0.000000
    0.382691   0.100784  0.000000
    0.377085   0.100596  0.000000
    0.371483   0.100380  0.000000
    0.365883   0.100137  0.000000
    0.360285   0.099867  0.000000
    0.354690   0.099570  0.000000
    0.349098   0.099244  0.000000
    0.343506   0.098891  0.000000
    0.337916   0.098510  0.000000
    0.332331   0.098102  0.000000
    0.326745   0.097665  0.000000
    0.321163   0.097200  0.000000
    0.315579   0.096708  0.000000
    0.309998   0.096188  0.000000
    0.304421   0.095642  0.000000
    0.298844   0.095067  0.000000
    0.293266   0.094465  0.000000
    0.287690   0.093836  0.000000
    0.282115   0.093181  0.000000
    0.276544   0.092500  0.000000
    0.270977   0.091793  0.000000
    0.265414   0.091060  0.000000
    0.259859   0.090301  0.000000
    0.254312   0.089515  0.000000
    0.248769   0.088701  0.000000
    0.243233   0.087860  0.000000
    0.237702   0.086991  0.000000
    0.232176   0.086094  0.000000
    0.226654   0.085169  0.000000
    0.221134   0.084216  0.000000
    0.215618   0.083235  0.000000
    0.210104   0.082226  0.000000
    0.204592   0.081190  0.000000
    0.199081   0.080127  0.000000
    0.193576   0.079040  0.000000
    0.188080   0.077926  0.000000
    0.182588   0.076786  0.000000
    0.177110   0.075622  0.000000
    0.171641   0.074430  0.000000
    0.166182   0.073211  0.000000
    0.160730   0.071963  0.000000
    0.155284   0.070687  0.000000
    0.149845   0.069383  0.000000
    0.144417   0.068054  0.000000
    0.139003   0.066697  0.000000
    0.133605   0.065314  0.000000
    0.128226   0.063903  0.000000
    0.122865   0.062463  0.000000
    0.117522   0.060991  0.000000
    0.112197   0.059488  0.000000
    0.106893   0.057955  0.000000
    0.101615   0.056391  0.000000
    0.096365   0.054795  0.000000
    0.091153   0.053169  0.000000
    0.085985   0.051511  0.000000
    0.080871   0.049822  0.000000
    0.075820   0.048098  0.000000
    0.070840   0.046338  0.000000
    0.065936   0.044538  0.000000
    0.061115   0.042693  0.000000
    0.056377   0.040799  0.000000
    0.051730   0.038855  0.000000
    0.047183   0.036862  0.000000
    0.042749   0.034821  0.000000
    0.038449   0.032740  0.000000
    0.034310   0.030630  0.000000
    0.030362   0.028504  0.000000
    0.026644   0.026387  0.000000
    0.023197   0.024307  0.000000
    0.020055   0.022288  0.000000
    0.017236   0.020356  0.000000
    0.014743   0.018529  0.000000
    0.012562   0.016821  0.000000
    0.010667   0.015236  0.000000
    0.009030   0.013775  0.000000
    0.007616   0.012428  0.000000
    0.006395   0.011185  0.000000
    0.005339   0.010035  0.000000
    0.004423   0.008965  0.000000
    0.003626   0.007968  0.000000
    0.002935   0.007031  0.000000
    0.002334   0.006149  0.000000
    0.001816   0.005313  0.000000
    0.001368   0.004518  0.000000
    0.000983   0.003762  0.000000
    0.000656   0.003039  0.000000
    0.000392   0.002343  0.000000
    0.000192   0.001670  0.000000
    0.000061   0.001018  0.000000
    0.000002   0.000389  0.000000
    0.000013  -0.000227  0.000000
    0.000099  -0.000854  0.000000
    0.000263  -0.001488  0.000000
    0.000507  -0.002122  0.000000
    0.000837  -0.002749  0.000000
    0.001264  -0.003355  0.000000
    0.001792  -0.003930  0.000000
    0.002420  -0.004472  0.000000
    0.003144  -0.004984  0.000000
    0.003963  -0.005477  0.000000
    0.004878  -0.005968  0.000000
    0.005899  -0.006466  0.000000
    0.007044  -0.006971  0.000000
    0.008335  -0.007487  0.000000
    0.009800  -0.008024  0.000000
    0.011472  -0.008589  0.000000
    0.013394  -0.009190  0.000000
    0.015615  -0.009832  0.000000
    0.018190  -0.010522  0.000000
    0.021170  -0.011263  0.000000
    0.024584  -0.012047  0.000000
    0.028425  -0.012856  0.000000
    0.032651  -0.013670  0.000000
    0.037196  -0.014469  0.000000
    0.041992  -0.015237  0.000000
    0.046978  -0.015965  0.000000
    0.052107  -0.016650  0.000000
    0.057347  -0.017290  0.000000
    0.062677  -0.017888  0.000000
    0.068079  -0.018448  0.000000
    0.073541  -0.018974  0.000000
    0.079048  -0.019469  0.000000
    0.084592  -0.019935  0.000000
    0.090166  -0.020375  0.000000
    0.095759  -0.020789  0.000000
    0.101372  -0.021180  0.000000
    0.106997  -0.021548  0.000000
    0.112637  -0.021894  0.000000
    0.118285  -0.022219  0.000000
    0.123946  -0.022525  0.000000
    0.129614  -0.022812  0.000000
    0.135290  -0.023081  0.000000
    0.140968  -0.023331  0.000000
    0.146656  -0.023564  0.000000
    0.152349  -0.023780  0.000000
    0.158050  -0.023980  0.000000
    0.163763  -0.024165  0.000000
    0.169481  -0.024337  0.000000
    0.175208  -0.024496  0.000000
    0.180943  -0.024642  0.000000
    0.186684  -0.024778  0.000000
    0.192431  -0.024903  0.000000
    0.198181  -0.025018  0.000000
    0.203941  -0.025122  0.000000
    0.209712  -0.025219  0.000000
    0.215488  -0.025309  0.000000
    0.221275  -0.025392  0.000000
    0.227066  -0.025472  0.000000
    0.232859  -0.025546  0.000000
    0.238658  -0.025617  0.000000
    0.244456  -0.025685  0.000000
    0.250258  -0.025748  0.000000
    0.256060  -0.025809  0.000000
    0.261867  -0.025867  0.000000
    0.267676  -0.025923  0.000000
    0.273492  -0.025977  0.000000
    0.279310  -0.026031  0.000000
    0.285126  -0.026082  0.000000
    0.290942  -0.026133  0.000000
    0.296757  -0.026183  0.000000
    0.302573  -0.026230  0.000000
    0.308390  -0.026276  0.000000
    0.314205  -0.026322  0.000000
    0.320012  -0.026365  0.000000
    0.325819  -0.026405  0.000000
    0.331618  -0.026442  0.000000
    0.337414  -0.026474  0.000000
    0.343206  -0.026502  0.000000
    0.348993  -0.026524  0.000000
    0.354776  -0.026540  0.000000
    0.360552  -0.026549  0.000000
    0.366329  -0.026551  0.000000
    0.372100  -0.026546  0.000000
    0.377868  -0.026533  0.000000
    0.383638  -0.026511  0.000000
    0.389404  -0.026482  0.000000
    0.395174  -0.026444  0.000000
    0.400941  -0.026398  0.000000
    0.406711  -0.026344  0.000000
    0.412484  -0.026282  0.000000
    0.418264  -0.026212  0.000000
    0.424047  -0.026137  0.000000
    0.429833  -0.026055  0.000000
    0.435622  -0.025969  0.000000
    0.441414  -0.025877  0.000000
    0.447209  -0.025780  0.000000
    0.453003  -0.025680  0.000000
    0.458798  -0.025574  0.000000
    0.464591  -0.025465  0.000000
    0.470383  -0.025350  0.000000
    0.476175  -0.025230  0.000000
    0.481962  -0.025106  0.000000
    0.487748  -0.024976  0.000000
    0.493530  -0.024841  0.000000
    0.499309  -0.024699  0.000000
    0.505087  -0.024550  0.000000
    0.510862  -0.024395  0.000000
    0.516635  -0.024233  0.000000
    0.522406  -0.024063  0.000000
    0.528181  -0.023886  0.000000
    0.533951  -0.023701  0.000000
    0.539728  -0.023509  0.000000
    0.545511  -0.023310  0.000000
    0.551298  -0.023105  0.000000
    0.557092  -0.022896  0.000000
    0.562889  -0.022682  0.000000
    0.568689  -0.022466  0.000000
    0.574484  -0.022247  0.000000
    0.580277  -0.022024  0.000000
    0.586060  -0.021798  0.000000
    0.591835  -0.021564  0.000000
    0.597606  -0.021324  0.000000
    0.603369  -0.021077  0.000000
    0.609127  -0.020821  0.000000
    0.614884  -0.020557  0.000000
    0.620636  -0.020284  0.000000
    0.626383  -0.020002  0.000000
    0.632124  -0.019711  0.000000
    0.637859  -0.019409  0.000000
    0.643586  -0.019097  0.000000
    0.649303  -0.018772  0.000000
    0.655016  -0.018434  0.000000
    0.660722  -0.018082  0.000000
    0.666425  -0.017714  0.000000
    0.672132  -0.017331  0.000000
    0.677842  -0.016934  0.000000
    0.683556  -0.016524  0.000000
    0.689278  -0.016100  0.000000
    0.695009  -0.015663  0.000000
    0.700749  -0.015217  0.000000
    0.706497  -0.014760  0.000000
    0.712254  -0.014296  0.000000
    0.718021  -0.013824  0.000000
    0.723792  -0.013349  0.000000
    0.729562  -0.012868  0.000000
    0.735330  -0.012384  0.000000
    0.741089  -0.011894  0.000000
    0.746847  -0.011396  0.000000
    0.752601  -0.010892  0.000000
    0.758356  -0.010381  0.000000
    0.764114  -0.009862  0.000000
    0.769875  -0.009336  0.000000
    0.775642  -0.008804  0.000000
    0.781413  -0.008268  0.000000
    0.787183  -0.007727  0.000000
    0.792955  -0.007181  0.000000
    0.798727  -0.006631  0.000000
    0.804502  -0.006077  0.000000
    0.810277  -0.005518  0.000000
    0.816059  -0.004957  0.000000
    0.821834  -0.004397  0.000000
    0.827594  -0.003841  0.000000
    0.833331  -0.003293  0.000000
    0.839036  -0.002757  0.000000
    0.844713  -0.002239  0.000000
    0.850360  -0.001740  0.000000
    0.855978  -0.001268  0.000000
    0.861576  -0.000823  0.000000
    0.867155  -0.000408  0.000000
    0.872720  -0.000025  0.000000
    0.878275   0.000326  0.000000
    0.883820   0.000642  0.000000
    0.889361   0.000924  0.000000
    0.894898   0.001171  0.000000
    0.900436   0.001381  0.000000
    0.905980   0.001557  0.000000
    0.911525   0.001700  0.000000
    0.917074   0.001808  0.000000
    0.922623   0.001884  0.000000
    0.928165   0.001928  0.000000
    0.933693   0.001940  0.000000
    0.939185   0.001918  0.000000
    0.944636   0.001853  0.000000
    0.950060   0.001734  0.000000
    0.955494   0.001562  0.000000
    0.960946   0.001348  0.000000
    0.966378   0.001105  0.000000
    0.971722   0.000836  0.000000
    0.976915   0.000544  0.000000
    0.981829   0.000266  0.000000
    0.986326   0.000022  0.000000
    0.990369  -0.000272  0.000000
    0.994015  -0.000615  0.000000
    0.997402  -0.000842  0.000000
    0.999537  -0.001020  0.000000
